6	7
7	6
8	9
9	8
10	11
11	10
12	13
13	12
28	29
29	28
30	31
31	30
36	37
37	36
48	49
49	48
50	51
51	50
54	55
55	54
56	57
57	56
58	59
59	58
60	61
61	60
62	63
63	62
64	65
65	64
66	67
67	66
68	69
69	68
70	71
71	70
72	73
73	72
91	92
92	91
93	94
94	93
95	96
96	95
97	98
98	97
99	100
100	99
101	102
102	101
103	104
104	103
105	106
106	105
107	108
108	107
109	110
110	109
111	112
112	111
113	114
114	113
115	116
116	115
117	118
118	117
119	120
120	119
121	122
122	121
123	124
124	123
125	126
126	125
127	128
128	127
129	130
130	129
131	132
132	131
133	134
134	133
135	136
136	135
137	138
138	137
139	140
140	139
141	142
142	141
143	144
144	143
145	146
146	145
147	148
148	147
149	150
150	149
151	152
152	151
153	154
154	153
155	156
156	155
157	158
158	157
159	160
160	159
161	162
162	161
163	164
164	163
165	166
166	165
167	168
168	167
169	170
170	169
171	172
172	171
173	174
174	173
175	176
176	175
177	178
178	177
179	180
180	179
181	182
182	181
183	184
184	183
185	186
186	185
187	188
188	187
189	190
190	189
191	192
192	191
193	194
194	193
195	196
196	195
197	198
198	197
199	200
200	199
201	202
202	201
203	204
204	203
205	206
206	205
207	208
208	207
209	210
210	209
211	212
212	211
213	214
214	213
215	216
216	215
217	218
218	217
219	220
220	219
221	222
222	221
223	224
224	223
225	226
226	225
227	228
228	227
229	230
230	229
231	232
232	231
233	234
234	233
235	236
236	235
237	238
238	237
239	240
240	239
241	242
242	241
243	244
244	243
245	246
246	245
247	248
248	247
249	250
250	249
251	252
252	251
253	254
254	253
255	256
256	255
257	258
258	257
259	260
260	259
261	262
262	261
263	264
264	263
265	266
266	265
267	268
268	267
269	270
270	269
272	2478
273	2479
288	289
289	288
301	302
302	301
303	304
304	303
305	306
306	305
307	308
308	307
309	310
310	309
311	312
312	311
315	316
316	315
317	318
318	317
319	320
320	319
321	322
322	321
323	324
324	323
325	326
326	325
327	328
328	327
329	330
330	329
331	332
332	331
333	334
334	333
335	336
336	335
339	340
340	339
341	342
342	341
343	344
344	343
345	346
346	345
347	348
348	347
349	350
350	349
351	352
352	351
353	354
354	353
355	356
356	355
357	358
358	357
359	360
360	359
361	362
362	361
363	364
364	363
365	366
366	365
367	368
368	367
369	370
370	369
371	372
372	371
373	374
374	373
375	376
376	375
377	378
378	377
379	380
380	379
381	382
382	381
383	384
384	383
385	386
386	385
387	388
388	387
389	390
390	389
391	392
392	391
393	394
394	393
395	396
396	395
397	398
398	397
399	400
400	399
401	402
402	401
403	404
404	403
405	406
406	405
407	408
408	407
409	410
410	409
411	412
412	411
413	414
414	413
426	427
427	426
428	429
429	428
434	435
435	434
436	437
437	436
438	439
439	438
440	441
441	440
442	443
443	442
444	445
445	444
447	448
448	447
449	450
450	449
451	452
452	451
453	454
454	453
464	465
465	464
466	467
467	466
468	469
469	468
470	471
471	470
472	473
473	472
474	475
475	474
476	477
477	476
478	479
479	478
480	481
481	480
482	483
483	482
484	485
485	484
486	487
487	486
488	489
489	488
490	491
491	490
492	493
493	492
494	495
495	494
496	497
497	496
498	499
499	498
500	501
501	500
502	503
503	502
504	505
505	504
506	507
507	506
508	509
509	508
510	511
511	510
512	513
513	512
514	515
515	514
516	517
517	516
518	519
519	518
520	521
521	520
526	527
527	526
528	529
529	528
530	531
531	530
532	533
533	532
534	535
535	534
536	537
537	536
538	539
539	538
540	541
541	540
542	543
543	542
544	545
545	544
546	547
547	546
548	549
549	548
550	551
551	550
567	568
568	567
569	570
570	569
571	572
572	571
573	574
574	573
575	576
576	575
577	578
578	577
579	580
580	579
581	582
582	581
583	584
584	583
585	586
586	585
590	591
591	590
592	593
593	592
596	597
597	596
600	11655
621	622
622	621
626	627
627	626
628	629
629	628
630	631
631	630
632	633
633	632
634	635
635	634
636	637
637	636
638	639
639	638
640	641
641	640
642	643
643	642
644	645
645	644
646	647
647	646
648	649
649	648
650	651
651	650
652	653
653	652
654	655
655	654
656	657
657	656
658	659
659	658
660	661
661	660
662	663
663	662
664	665
665	664
733	734
734	733
751	752
752	751
753	754
754	753
759	760
760	759
767	768
768	767
837	838
838	837
839	840
840	839
841	842
842	841
843	844
844	843
845	846
846	845
847	848
848	847
849	850
850	849
851	852
852	851
853	854
854	853
855	856
856	855
857	858
858	857
859	860
860	859
861	862
862	861
943	944
944	943
946	947
947	946
948	949
949	948
950	951
951	950
952	953
953	952
954	955
955	954
956	957
957	956
958	959
959	958
960	961
961	960
962	963
963	962
966	967
967	966
968	969
969	968
970	971
971	970
973	974
974	973
975	976
976	975
977	978
978	977
981	982
982	981
983	984
984	983
985	986
986	985
987	988
988	987
989	990
990	989
991	992
992	991
993	994
994	993
1005	1006
1006	1005
1007	1008
1008	1007
1009	1010
1010	1009
1011	1012
1012	1011
1013	1014
1014	1013
1015	1016
1016	1015
1017	1018
1018	1017
1019	1020
1020	1019
1021	1022
1022	1021
1023	1024
1024	1023
1025	1026
1026	1025
1027	1028
1028	1027
1029	1030
1030	1029
1031	1032
1032	1031
1033	1034
1034	1033
1035	1036
1036	1035
1038	1039
1039	1038
1040	1041
1041	1040
1042	1043
1043	1042
1044	1045
1045	1044
1046	1047
1047	1046
1048	1049
1049	1048
1050	1051
1051	1050
1053	1054
1054	1053
1055	1056
1056	1055
1057	1058
1058	1057
1059	1060
1060	1059
1061	1062
1062	1061
1063	1064
1064	1063
1065	1066
1066	1065
1067	1068
1068	1067
1069	1070
1070	1069
1071	1072
1072	1071
1073	1074
1074	1073
1075	1076
1076	1075
1077	1078
1078	1077
1079	1080
1080	1079
1081	1082
1082	1081
1083	1084
1084	1083
1085	1086
1086	1085
1087	1088
1088	1087
1089	1090
1090	1089
1091	1092
1092	1091
1093	1094
1094	1093
1095	1096
1096	1095
1097	1098
1098	1097
1099	1100
1100	1099
1101	1102
1102	1101
1103	1104
1104	1103
1105	1106
1106	1105
1107	1108
1108	1107
1109	1110
1110	1109
1111	1112
1112	1111
1113	1114
1114	1113
1115	1116
1116	1115
1117	1118
1118	1117
1119	1120
1120	1119
1121	1122
1122	1121
1123	1124
1124	1123
1125	1126
1126	1125
1127	1128
1128	1127
1129	1130
1130	1129
1131	1132
1132	1131
1133	1134
1134	1133
1135	1136
1136	1135
1137	1138
1138	1137
1139	1140
1140	1139
1141	1142
1142	1141
1143	1144
1144	1143
1145	1146
1146	1145
1147	1148
1148	1147
1149	1150
1150	1149
1151	1152
1152	1151
1153	1154
1154	1153
1155	1156
1156	1155
1157	1158
1158	1157
1159	1160
1160	1159
1161	1162
1162	1161
1163	1164
1164	1163
1165	1166
1166	1165
1167	1168
1168	1167
1169	1170
1170	1169
1171	1172
1172	1171
1173	1174
1174	1173
1175	1176
1176	1175
1177	1178
1178	1177
1179	1180
1180	1179
1181	1182
1182	1181
1183	1184
1184	1183
1185	1186
1186	1185
1187	1188
1188	1187
1189	1190
1190	1189
1191	1192
1192	1191
1193	1194
1194	1193
1195	1196
1196	1195
1197	1198
1198	1197
1199	1200
1200	1199
1201	1202
1202	1201
1203	1204
1204	1203
1205	1206
1206	1205
1207	1208
1208	1207
1209	1210
1210	1209
1211	1212
1212	1211
1213	1214
1214	1213
1215	1216
1216	1215
1217	1218
1218	1217
1219	1220
1220	1219
1221	1222
1222	1221
1223	1224
1224	1223
1225	1226
1226	1225
1227	1228
1228	1227
1229	1230
1230	1229
1231	1232
1232	1231
1233	1234
1234	1233
1235	1236
1236	1235
1237	1238
1238	1237
1239	1240
1240	1239
1241	1242
1242	1241
1243	1244
1244	1243
1245	1246
1246	1245
1247	1248
1248	1247
1249	1250
1250	1249
1251	1252
1252	1251
1253	1254
1254	1253
1255	1256
1256	1255
1257	1258
1258	1257
1259	1260
1260	1259
1261	1262
1262	1261
1263	1264
1264	1263
1265	1266
1266	1265
1267	1268
1268	1267
1269	1270
1270	1269
1271	1272
1272	1271
1273	1274
1274	1273
1275	1276
1276	1275
1277	1278
1278	1277
1279	1280
1280	1279
1281	1282
1282	1281
1283	1284
1284	1283
1285	1286
1286	1285
1287	1288
1288	1287
1289	1290
1290	1289
1291	1292
1292	1291
1293	1294
1294	1293
1295	1296
1296	1295
1297	1298
1298	1297
1299	1300
1300	1299
1301	1302
1302	1301
1303	1304
1304	1303
1305	1306
1306	1305
1307	1308
1308	1307
1309	1310
1310	1309
1311	1312
1312	1311
1313	1314
1314	1313
1315	1316
1316	1315
1317	1318
1318	1317
1319	1320
1320	1319
1321	1322
1322	1321
1323	1324
1324	1323
1325	1326
1326	1325
1327	1328
1328	1327
1329	1330
1330	1329
1331	1332
1332	1331
1333	1334
1334	1333
1335	1336
1336	1335
1337	1338
1338	1337
1339	1340
1340	1339
1341	1342
1342	1341
1343	1344
1344	1343
1345	1346
1346	1345
1347	1348
1348	1347
1349	1350
1350	1349
1351	1352
1352	1351
1353	1354
1354	1353
1355	1356
1356	1355
1357	1358
1358	1357
1359	1360
1360	1359
1361	1362
1362	1361
1363	1364
1364	1363
1365	1366
1366	1365
1367	1368
1368	1367
1369	1370
1370	1369
1371	1372
1372	1371
1373	1374
1374	1373
1375	1376
1376	1375
1377	1378
1378	1377
1379	1380
1380	1379
1381	1382
1382	1381
1383	1384
1384	1383
1385	1386
1386	1385
1387	1388
1388	1387
1389	1390
1390	1389
1391	1392
1392	1391
1393	1394
1394	1393
1395	1396
1396	1395
1397	1398
1398	1397
1399	1400
1400	1399
1401	1402
1402	1401
1403	1404
1404	1403
1405	1406
1406	1405
1407	1408
1408	1407
1411	1412
1412	1411
1413	1414
1414	1413
1415	1416
1416	1415
1417	1418
1418	1417
1420	1421
1421	1420
1422	1423
1423	1422
1424	1425
1425	1424
1426	1427
1427	1426
1428	1429
1429	1428
1430	1431
1431	1430
1432	1433
1433	1432
1434	1435
1435	1434
1436	1437
1437	1436
1438	1439
1439	1438
1440	1441
1441	1440
1442	1443
1443	1442
1444	1445
1445	1444
1446	1447
1447	1446
1448	1449
1449	1448
1452	1453
1453	1452
1454	1455
1455	1454
1456	1457
1457	1456
1462	1463
1463	1462
1470	1471
1471	1470
1472	1473
1473	1472
1474	1475
1475	1474
1476	1477
1477	1476
1478	1479
1479	1478
1511	1512
1512	1511
1513	1514
1514	1513
1515	1516
1516	1515
1517	1518
1518	1517
1519	1520
1520	1519
1521	1522
1522	1521
1523	1524
1524	1523
1540	1541
1541	1540
1550	1551
1551	1550
1552	1553
1553	1552
1573	1574
1574	1573
1575	1576
1576	1575
1577	1578
1578	1577
1586	1587
1587	1586
1592	1593
1593	1592
1595	1596
1596	1595
1597	1598
1598	1597
1599	1600
1600	1599
1601	1602
1602	1601
1603	1604
1604	1603
1605	1606
1606	1605
1607	1608
1608	1607
1609	1610
1610	1609
1611	1612
1612	1611
1613	1614
1614	1613
1615	1616
1616	1615
1617	1618
1618	1617
1619	1620
1620	1619
1621	1622
1622	1621
1623	1624
1624	1623
1625	1626
1626	1625
1627	1628
1628	1627
1629	1630
1630	1629
1631	1632
1632	1631
1633	1634
1634	1633
1635	1636
1636	1635
1637	1638
1638	1637
1639	1640
1640	1639
1641	1642
1642	1641
1643	1644
1644	1643
1645	1646
1646	1645
1654	1655
1655	1654
1656	1657
1657	1656
1658	1659
1659	1658
1660	1661
1661	1660
1662	1663
1663	1662
1664	1665
1665	1664
1673	1674
1674	1673
1675	1676
1676	1675
1677	1678
1678	1677
1679	1680
1680	1679
1681	1682
1682	1681
1683	1684
1684	1683
1692	1693
1693	1692
1694	1695
1695	1694
1696	1697
1697	1696
1698	1699
1699	1698
1700	1701
1701	1700
1702	1703
1703	1702
1704	1705
1705	1704
1706	1707
1707	1706
1708	1709
1709	1708
1710	1711
1711	1710
1712	1713
1713	1712
1714	1715
1715	1714
1716	1717
1717	1716
1718	1719
1719	1718
1720	1721
1721	1720
1722	1723
1723	1722
1724	3852
1725	1726
1726	1725
1727	1728
1728	1727
1729	1730
1730	1729
1731	1732
1732	1731
1735	1736
1736	1735
1737	1738
1738	1737
1739	1740
1740	1739
1741	1742
1742	1741
1743	1744
1744	1743
1745	1746
1746	1745
1747	1748
1748	1747
1749	1750
1750	1749
1751	1752
1752	1751
1753	1754
1754	1753
1755	1756
1756	1755
1757	1758
1758	1757
1759	1760
1760	1759
1761	1762
1762	1761
1763	1764
1764	1763
1765	1766
1766	1765
1767	1768
1768	1767
1769	1770
1770	1769
1771	1772
1772	1771
1773	1774
1774	1773
1775	1776
1776	1775
1777	1778
1778	1777
1779	1780
1780	1779
1781	1782
1782	1781
1783	1784
1784	1783
1785	1786
1786	1785
1787	1788
1788	1787
1789	1790
1790	1789
1791	1792
1792	1791
1794	1795
1795	1794
1823	1824
1824	1823
1825	1826
1826	1825
1827	1828
1828	1827
1829	1830
1830	1829
1831	1832
1832	1831
1833	1834
1834	1833
1835	1836
1836	1835
1837	1838
1838	1837
1859	1860
1860	1859
1861	1862
1862	1861
1863	1864
1864	1863
1865	1866
1866	1865
1867	1868
1868	1867
1869	1870
1870	1869
1871	1872
1872	1871
1873	1874
1874	1873
1875	1876
1876	1875
1877	1878
1878	1877
1879	1880
1880	1879
1881	1882
1882	1881
1883	1884
1884	1883
1885	1886
1886	1885
1887	1888
1888	1887
1889	1890
1890	1889
1891	1892
1892	1891
1893	1894
1894	1893
1895	1896
1896	1895
1897	1898
1898	1897
1899	1900
1900	1899
1901	1902
1902	1901
1903	1904
1904	1903
1905	1906
1906	1905
1907	1908
1908	1907
1909	1910
1910	1909
1911	1912
1912	1911
1913	1914
1914	1913
1915	1916
1916	1915
1917	1918
1918	1917
1919	1920
1920	1919
1921	1922
1922	1921
1923	1924
1924	1923
1925	1926
1926	1925
1927	1928
1928	1927
1929	1930
1930	1929
1931	1932
1932	1931
1933	1934
1934	1933
1935	1936
1936	1935
1937	1938
1938	1937
1942	1943
1943	1942
1944	1945
1945	1944
1947	1948
1948	1947
1949	1950
1950	1949
1951	1952
1952	1951
1953	1954
1954	1953
1955	1956
1956	1955
1957	1958
1958	1957
1959	1960
1960	1959
1961	1962
1962	1961
1963	1964
1964	1963
1965	1966
1966	1965
1967	1968
1968	1967
1969	1970
1970	1969
1971	1972
1972	1971
1973	1974
1974	1973
1975	1976
1976	1975
1978	1979
1979	1978
1980	1981
1981	1980
1982	1983
1983	1982
1985	1986
1986	1985
1987	1988
1988	1987
1989	1990
1990	1989
1993	1994
1994	1993
1997	1998
1998	1997
1999	2000
2000	1999
2001	2002
2002	2001
2003	2004
2004	2003
2005	2006
2006	2005
2007	2008
2008	2007
2009	2010
2010	2009
2011	2012
2012	2011
2013	2014
2014	2013
2015	2016
2016	2015
2017	2018
2018	2017
2019	2020
2020	2019
2021	2022
2022	2021
2023	2024
2024	2023
2025	9565
2026	2027
2027	2026
2028	2029
2029	2028
2030	2031
2031	2030
2032	2033
2033	2032
2034	2035
2035	2034
2036	2037
2037	2036
2038	2039
2039	2038
2040	2041
2041	2040
2042	2043
2043	2042
2044	2045
2045	2044
2046	2047
2047	2046
2048	2049
2049	2048
2050	2051
2051	2050
2052	2053
2053	2052
2054	2055
2055	2054
2056	2057
2057	2056
2058	2059
2059	2058
2060	2061
2061	2060
2062	2063
2063	2062
2064	2065
2065	2064
2066	2067
2067	2066
2068	2069
2069	2068
2070	2071
2071	2070
2072	2073
2073	2072
2074	2075
2075	2074
2076	2077
2077	2076
2078	2079
2079	2078
2080	2081
2081	2080
2082	2083
2083	2082
2084	2085
2085	2084
2086	2087
2087	2086
2088	2089
2089	2088
2090	2091
2091	2090
2092	2093
2093	2092
2094	2095
2095	2094
2096	2097
2097	2096
2098	2099
2099	2098
2100	2101
2101	2100
2102	2103
2103	2102
2104	2105
2105	2104
2106	2107
2107	2106
2108	2109
2109	2108
2110	2111
2111	2110
2112	2113
2113	2112
2114	2115
2115	2114
2116	2117
2117	2116
2118	2119
2119	2118
2120	2121
2121	2120
2122	2123
2123	2122
2124	2125
2125	2124
2126	2127
2127	2126
2128	2129
2129	2128
2130	2131
2131	2130
2132	2133
2133	2132
2134	2135
2135	2134
2136	2137
2137	2136
2138	2139
2139	2138
2140	2141
2141	2140
2142	2143
2143	2142
2144	2145
2145	2144
2146	2147
2147	2146
2150	2151
2151	2150
2152	2153
2153	2152
2154	2155
2155	2154
2156	2157
2157	2156
2158	2159
2159	2158
2160	2161
2161	2160
2162	2163
2163	2162
2164	9585
2165	9586
2166	9587
2167	2168
2168	2167
2169	2170
2170	2169
2171	2172
2172	2171
2173	2174
2174	2173
2175	2176
2176	2175
2179	2180
2180	2179
2181	2182
2182	2181
2183	2184
2184	2183
2185	2186
2186	2185
2187	2188
2188	2187
2189	2190
2190	2189
2191	2192
2192	2191
2193	2194
2194	2193
2195	2196
2196	2195
2197	2198
2198	2197
2199	2200
2200	2199
2202	9588
2203	2204
2204	2203
2205	2206
2206	2205
2207	2208
2208	2207
2209	2210
2210	2209
2211	2212
2212	2211
2213	2214
2214	2213
2215	2216
2216	2215
2217	2218
2218	2217
2219	2220
2220	2219
2221	2222
2222	2221
2223	2224
2224	2223
2225	2226
2226	2225
2227	2228
2228	2227
2229	2230
2230	2229
2231	2232
2232	2231
2233	2234
2234	2233
2235	2236
2236	2235
2237	2238
2238	2237
2239	2240
2240	2239
2241	2242
2242	2241
2243	2244
2244	2243
2245	2246
2246	2245
2247	2248
2248	2247
2251	2252
2252	2251
2253	2254
2254	2253
2255	2256
2256	2255
2257	2258
2258	2257
2259	2260
2260	2259
2261	2262
2262	2261
2263	2264
2264	2263
2265	2266
2266	2265
2267	2268
2268	2267
2269	2270
2270	2269
2271	2272
2272	2271
2273	2274
2274	2273
2275	2276
2276	2275
2277	2278
2278	2277
2279	2280
2280	2279
2281	2282
2282	2281
2283	2284
2284	2283
2285	2286
2286	2285
2287	2288
2288	2287
2289	2290
2290	2289
2291	2292
2292	2291
2293	2294
2294	2293
2295	2296
2296	2295
2297	2298
2298	2297
2299	2300
2300	2299
2301	2302
2302	2301
2303	2304
2304	2303
2305	2306
2306	2305
2307	2308
2308	2307
2309	2310
2310	2309
2311	2312
2312	2311
2313	2314
2314	2313
2315	2316
2316	2315
2317	2318
2318	2317
2319	2320
2320	2319
2321	2322
2322	2321
2323	2324
2324	2323
2325	2326
2326	2325
2327	2328
2328	2327
2329	2330
2330	2329
2331	2332
2332	2331
2333	2334
2334	2333
2335	2336
2336	2335
2337	2338
2338	2337
2341	2342
2342	2341
2343	2344
2344	2343
2345	2346
2346	2345
2347	2348
2348	2347
2349	2350
2350	2349
2351	2352
2352	2351
2353	2354
2354	2353
2355	2356
2356	2355
2357	2358
2358	2357
2359	2360
2360	2359
2361	2362
2362	2361
2363	2364
2364	2363
2366	2367
2367	2366
2368	2369
2369	2368
2370	2371
2371	2370
2391	2392
2392	2391
2426	2427
2427	2426
2428	2429
2429	2428
2430	2431
2431	2430
2432	2433
2433	2432
2434	2435
2435	2434
2436	2437
2437	2436
2438	2439
2439	2438
2440	2441
2441	2440
2442	2443
2443	2442
2444	2445
2445	2444
2446	2447
2447	2446
2448	2449
2449	2448
2450	2451
2451	2450
2452	2453
2453	2452
2454	2455
2455	2454
2456	2457
2457	2456
2458	2459
2459	2458
2460	2461
2461	2460
2462	2463
2463	2462
2464	2465
2465	2464
2466	2467
2467	2466
2468	2469
2469	2468
2470	2471
2471	2470
2472	2473
2473	2472
2474	2475
2475	2474
2476	2477
2477	2476
2478	272
2479	273
2481	2482
2482	2481
2483	2484
2484	2483
2485	2486
2486	2485
2487	2488
2488	2487
2489	2490
2490	2489
2491	2492
2492	2491
2493	2494
2494	2493
2495	2496
2496	2495
2497	2498
2498	2497
2499	2500
2500	2499
2501	2502
2502	2501
2503	2504
2504	2503
2505	2506
2506	2505
2507	2508
2508	2507
2509	2510
2510	2509
2514	2515
2515	2514
2516	2517
2517	2516
2518	2519
2519	2518
2520	2521
2521	2520
2522	2523
2523	2522
2524	2525
2525	2524
2526	2527
2527	2526
2530	2531
2531	2530
2550	2551
2551	2550
2552	2553
2553	2552
2554	2555
2555	2554
2556	2557
2557	2556
2558	2559
2559	2558
2560	2561
2561	2560
2562	2563
2563	2562
2564	2565
2565	2564
2566	2567
2567	2566
2568	2569
2569	2568
2570	2571
2571	2570
2572	2573
2573	2572
2577	2578
2578	2577
2579	2580
2580	2579
2581	2582
2582	2581
2583	2584
2584	2583
2585	2586
2586	2585
2587	2588
2588	2587
2589	2590
2590	2589
2591	2592
2592	2591
2593	2594
2594	2593
2595	2596
2596	2595
2597	2598
2598	2597
2599	2600
2600	2599
2601	2602
2602	2601
2603	2604
2604	2603
2605	2606
2606	2605
2607	2608
2608	2607
2609	2610
2610	2609
2611	2612
2612	2611
2613	2614
2614	2613
2615	2616
2616	2615
2617	2618
2618	2617
2619	2620
2620	2619
2621	2622
2622	2621
2623	2624
2624	2623
2625	2626
2626	2625
2627	2628
2628	2627
2629	2630
2630	2629
2631	2632
2632	2631
2633	2634
2634	2633
2635	2636
2636	2635
2637	2638
2638	2637
2639	2640
2640	2639
2641	2642
2642	2641
2643	2644
2644	2643
2645	2646
2646	2645
2647	2648
2648	2647
2649	2650
2650	2649
2651	2652
2652	2651
2653	2654
2654	2653
2655	2656
2656	2655
2657	2658
2658	2657
2659	2660
2660	2659
2661	2662
2662	2661
2663	2664
2664	2663
2665	2666
2666	2665
2667	2668
2668	2667
2669	2670
2670	2669
2671	2672
2672	2671
2673	2674
2674	2673
2675	2676
2676	2675
2859	2860
2860	2859
2862	2863
2863	2862
2876	2877
2877	2876
2878	2879
2879	2878
2880	2881
2881	2880
2890	2891
2891	2890
2894	2895
2895	2894
2896	2897
2897	2896
2898	2899
2899	2898
2900	2901
2901	2900
2902	2903
2903	2902
2904	2905
2905	2904
2906	2907
2907	2906
2908	2909
2909	2908
2910	2911
2911	2910
2912	2913
2913	2912
2914	2915
2915	2914
2916	2917
2917	2916
2918	2919
2919	2918
2920	2921
2921	2920
2922	2923
2923	2922
2924	2925
2925	2924
2926	2927
2927	2926
2928	2929
2929	2928
2930	2931
2931	2930
2932	2933
2933	2932
2934	2935
2935	2934
2936	2937
2937	2936
2938	2939
2939	2938
2940	2941
2941	2940
2942	2943
2943	2942
2955	2956
2956	2955
2959	2960
2960	2959
2961	2962
2962	2961
2964	2965
2965	2964
2970	2971
2971	2970
2972	2973
2973	2972
2974	2975
2975	2974
2976	2977
2977	2976
2997	3048
2998	2999
2999	2998
3000	3001
3001	3000
3002	3003
3003	3002
3004	3005
3005	3004
3006	3007
3007	3006
3008	3009
3009	3008
3010	3011
3011	3010
3012	3013
3013	3012
3014	3015
3015	3014
3016	3017
3017	3016
3018	3019
3019	3018
3020	3021
3021	3020
3022	3023
3023	3022
3024	3025
3025	3024
3026	3027
3027	3026
3028	3029
3029	3028
3030	3031
3031	3030
3032	3033
3033	3032
3034	3035
3035	3034
3036	3037
3037	3036
3038	3039
3039	3038
3040	3041
3041	3040
3042	3043
3043	3042
3044	3045
3045	3044
3046	3047
3047	3046
3048	2997
3049	3050
3050	3049
3051	3052
3052	3051
3053	3055
3054	3056
3055	3053
3056	3054
3095	3115
3096	3116
3097	3117
3098	3118
3099	3119
3100	3120
3101	3121
3105	3106
3106	3105
3107	3108
3108	3107
3115	3095
3116	3096
3117	3097
3118	3098
3119	3099
3120	3100
3121	3101
3122	3134
3123	3124
3124	3123
3125	3126
3126	3125
3134	3122
3138	3139
3139	3138
3140	3141
3141	3140
3142	3143
3143	3142
3144	3145
3145	3144
3148	3149
3149	3148
3157	3158
3158	3157
3159	3160
3160	3159
3162	3163
3163	3162
3177	3178
3178	3177
3183	3184
3184	3183
3188	3189
3189	3188
3190	3191
3191	3190
3192	3193
3193	3192
3194	3195
3195	3194
3196	3197
3197	3196
3198	3199
3199	3198
3200	3201
3201	3200
3202	3203
3203	3202
3204	3205
3205	3204
3209	3210
3210	3209
3211	3212
3212	3211
3216	3217
3217	3216
3224	3225
3225	3224
3226	3227
3227	3226
3228	3229
3229	3228
3231	3232
3232	3231
3233	3234
3234	3233
3235	3236
3236	3235
3237	3238
3238	3237
3239	3240
3240	3239
3325	3326
3326	3325
3327	3328
3328	3327
3329	3330
3330	3329
3331	3332
3332	3331
3333	3334
3334	3333
3335	3336
3336	3335
3337	3338
3338	3337
3339	3340
3340	3339
3341	3342
3342	3341
3343	3344
3344	3343
3345	3346
3346	3345
3347	3348
3348	3347
3349	3350
3350	3349
3351	3352
3352	3351
3353	3354
3354	3353
3355	3356
3356	3355
3357	3358
3358	3357
3359	3360
3360	3359
3361	3362
3362	3361
3363	3364
3364	3363
3365	3366
3366	3365
3367	3368
3368	3367
3369	3370
3370	3369
3371	3372
3372	3371
3373	3374
3374	3373
3375	3376
3376	3375
3377	3378
3378	3377
3379	3380
3380	3379
3381	3382
3382	3381
3383	3384
3384	3383
3385	3386
3386	3385
3387	3388
3388	3387
3389	3390
3390	3389
3391	3392
3392	3391
3393	3394
3394	3393
3396	3397
3397	3396
3398	3399
3399	3398
3400	3401
3401	3400
3402	3403
3403	3402
3404	3405
3405	3404
3406	3407
3407	3406
3408	3409
3409	3408
3410	3411
3411	3410
3412	3413
3413	3412
3414	3415
3415	3414
3420	3421
3421	3420
3422	3423
3423	3422
3424	3425
3425	3424
3426	3427
3427	3426
3428	3429
3429	3428
3430	3431
3431	3430
3432	3433
3433	3432
3434	3435
3435	3434
3436	3437
3437	3436
3438	3439
3439	3438
3440	3441
3441	3440
3442	3443
3443	3442
3444	3445
3445	3444
3446	3447
3447	3446
3448	3449
3449	3448
3470	3471
3471	3470
3472	3668
3473	3669
3474	3670
3475	3671
3476	3672
3477	3673
3478	3674
3479	3675
3480	3676
3481	3482
3482	3481
3483	3484
3484	3483
3485	3677
3486	3487
3487	3486
3488	3489
3489	3488
3668	3472
3669	3473
3670	3474
3671	3475
3672	3476
3673	3477
3674	3478
3675	3479
3676	3480
3677	3485
3678	3679
3679	3678
3746	3747
3747	3746
3749	3750
3750	3749
3751	3752
3752	3751
3753	3754
3754	3753
3755	3756
3756	3755
3759	3760
3760	3759
3761	3762
3762	3761
3763	3764
3764	3763
3765	3766
3766	3765
3767	3768
3768	3767
3769	3770
3770	3769
3771	3772
3772	3771
3773	3774
3774	3773
3775	3776
3776	3775
3777	3778
3778	3777
3779	3780
3780	3779
3781	3782
3782	3781
3783	3784
3784	3783
3785	3786
3786	3785
3787	3788
3788	3787
3789	3790
3790	3789
3791	3792
3792	3791
3793	3794
3794	3793
3795	3796
3796	3795
3797	3798
3798	3797
3799	3800
3800	3799
3801	3802
3802	3801
3803	3804
3804	3803
3805	3806
3806	3805
3852	1724
3853	3854
3854	3853
3855	3856
3856	3855
3857	3858
3858	3857
3859	3860
3860	3859
3861	3862
3862	3861
3863	3864
3864	3863
3865	3866
3866	3865
3867	3868
3868	3867
3899	3900
3900	3899
4002	4003
4003	4002
4010	4011
4011	4010
4012	4013
4013	4012
4014	4015
4015	4014
4016	4017
4017	4016
4018	4019
4019	4018
4037	4038
4038	4037
4039	4040
4040	4039
4043	4044
4044	4043
4045	4046
4046	4045
4047	4048
4048	4047
4049	4050
4050	4049
4051	4052
4052	4051
4053	4054
4054	4053
4073	4074
4074	4073
4087	4088
4088	4087
4089	4090
4090	4089
4091	4092
4092	4091
4093	4094
4094	4093
4095	4096
4096	4095
4097	4098
4098	4097
4099	4100
4100	4099
4101	4102
4102	4101
4103	4104
4104	4103
4105	4106
4106	4105
4107	4108
4108	4107
4109	4110
4110	4109
4111	4112
4112	4111
4113	4114
4114	4113
4115	4116
4116	4115
4117	4118
4118	4117
4119	4120
4120	4119
4121	4122
4122	4121
4123	4124
4124	4123
4125	4126
4126	4125
4127	4128
4128	4127
4129	4130
4130	4129
4131	4132
4132	4131
4151	4152
4152	4151
4153	4154
4154	4153
4156	4157
4157	4156
4162	4163
4163	4162
4164	4165
4165	4164
4166	4167
4167	4166
4168	4169
4169	4168
4170	4171
4171	4170
4207	4208
4208	4207
4209	4210
4210	4209
4287	4288
4288	4287
4289	4290
4290	4289
4291	4292
4292	4291
4293	4294
4294	4293
4298	4299
4299	4298
4300	4301
4301	4300
4302	4303
4303	4302
4304	4305
4305	4304
4306	4307
4307	4306
4308	4309
4309	4308
4310	4311
4311	4310
4313	4314
4314	4313
4315	4316
4316	4315
4317	4318
4318	4317
4319	4320
4320	4319
4321	4322
4322	4321
4323	4324
4324	4323
4325	4326
4326	4325
4327	4328
4328	4327
4329	4330
4330	4329
4331	4332
4332	4331
4333	4334
4334	4333
4335	4336
4336	4335
4337	4338
4338	4337
4339	4340
4340	4339
4341	4342
4342	4341
4343	4344
4344	4343
4345	4346
4346	4345
4347	4348
4348	4347
4349	4350
4350	4349
4351	4352
4352	4351
4353	4354
4354	4353
4355	4356
4356	4355
4357	4358
4358	4357
4359	4360
4360	4359
4361	4362
4362	4361
4363	4364
4364	4363
4365	4366
4366	4365
4367	4368
4368	4367
4369	4370
4370	4369
4371	4372
4372	4371
4373	4374
4374	4373
4375	4376
4376	4375
4377	4378
4378	4377
4379	4380
4380	4379
4381	4382
4382	4381
4383	4384
4384	4383
4385	4386
4386	4385
4387	4388
4388	4387
4389	4390
4390	4389
4391	4392
4392	4391
4393	4394
4394	4393
4395	4396
4396	4395
4397	4398
4398	4397
4399	4400
4400	4399
4401	4402
4402	4401
4403	4404
4404	4403
4405	4406
4406	4405
4407	4408
4408	4407
4409	4410
4410	4409
4411	4412
4412	4411
4413	4414
4414	4413
4417	4418
4418	4417
4419	4420
4420	4419
4421	4422
4422	4421
4423	4424
4424	4423
4436	4437
4437	4436
4438	4439
4439	4438
4440	4441
4441	4440
4456	4457
4457	4456
4458	4459
4459	4458
4460	4461
4461	4460
4462	4463
4463	4462
4464	4465
4465	4464
4466	4467
4467	4466
4468	4469
4469	4468
4470	4471
4471	4470
4472	4473
4473	4472
4474	4475
4475	4474
4476	4477
4477	4476
4478	4479
4479	4478
4480	4481
4481	4480
4482	4483
4483	4482
4490	4491
4491	4490
4492	4493
4493	4492
4496	4497
4497	4496
4498	4499
4499	4498
4517	4518
4518	4517
4522	4523
4523	4522
4525	4526
4526	4525
4527	4528
4528	4527
4529	4530
4530	4529
4532	4533
4533	4532
4535	4536
4536	4535
4537	4538
4538	4537
4540	4541
4541	4540
4542	4543
4543	4542
4544	4545
4545	4544
4546	4547
4547	4546
4548	4549
4549	4548
4551	4552
4552	4551
4580	4581
4581	4580
4582	4583
4583	4582
4585	4586
4586	4585
4587	4588
4588	4587
4591	4592
4592	4591
4593	4594
4594	4593
4595	4596
4596	4595
4600	4612
4608	4609
4609	4608
4612	4600
4627	4628
4628	4627
4668	4669
4669	4668
4675	4676
4676	4675
4684	4685
4685	4684
4687	4688
4688	4687
4689	4690
4690	4689
4708	4709
4709	4708
4710	4711
4711	4710
4712	4713
4713	4712
4714	4715
4715	4714
4716	4717
4717	4716
4718	4719
4719	4718
4720	4721
4721	4720
4722	4723
4723	4722
4724	4725
4725	4724
4726	4727
4727	4726
4728	4729
4729	4728
4730	4731
4731	4730
4732	4733
4733	4732
4734	4735
31016	4735
4735	4734
4736	4737
4737	4736
4738	4739
4739	4738
4745	4746
4746	4745
4747	4748
4748	4747
4749	4750
4750	4749
4751	4752
4752	4751
4753	4754
4754	4753
4755	4756
4756	4755
4757	4758
4758	4757
4759	4760
4760	4759
4812	4813
4813	4812
4825	4826
4826	4825
4827	4828
4828	4827
4830	4831
4831	4830
4832	4833
4833	4832
4834	4835
4835	4834
4840	4841
4841	4840
4842	4843
4843	4842
4844	4845
4845	4844
4846	4847
4847	4846
4848	4849
4849	4848
4850	4851
4851	4850
4860	4861
4861	4860
4866	4867
4867	4866
4872	4873
4873	4872
4878	4879
4879	4878
4884	4885
4885	4884
4890	4891
4891	4890
4896	4897
4897	4896
4902	4903
4903	4902
4908	4909
4909	4908
4914	4915
4915	4914
4920	4921
4921	4920
4926	4927
4927	4926
4932	4933
4933	4932
4938	4939
4939	4938
4944	4945
4945	4944
4950	4951
4951	4950
4956	4957
4957	4956
4962	4963
4963	4962
4968	4969
4969	4968
4974	4975
4975	4974
4980	4981
4981	4980
4986	4987
4987	4986
4992	4993
4993	4992
4998	4999
4999	4998
5001	5005
5002	5006
5003	5007
5005	5001
5006	5002
5007	5003
5014	5015
5015	5014
5016	5017
5017	5016
5018	5019
5019	5018
5024	5025
5025	5024
5026	5027
5027	5026
5028	5029
5029	5028
5030	5031
5031	5030
5032	5033
5033	5032
5034	5035
5035	5034
5036	5037
5037	5036
5038	5039
5039	5038
5040	5041
5041	5040
5042	5043
5043	5042
5044	5045
5045	5044
5046	5047
5047	5046
5048	5049
5049	5048
5050	5051
5051	5050
5052	5053
5053	5052
5054	5055
5055	5054
5075	20783
5325	5326
5326	5325
5329	5330
5330	5329
5331	5332
5332	5331
5341	5342
5342	5341
5343	5344
5344	5343
5345	5346
5346	5345
5350	5351
5351	5350
5352	5353
5353	5352
5354	5355
5355	5354
5356	5357
5357	5356
5370	12941
5371	12942
5372	12943
5373	12944
5374	12945
5376	5377
5377	5376
5378	5379
5379	5378
5380	5381
5381	5380
5382	5383
5383	5382
5384	5385
5385	5384
5386	5387
5387	5386
5388	5389
5389	5388
5390	5391
5391	5390
5392	5393
5393	5392
5394	5395
5395	5394
5396	5397
5397	5396
5398	5399
5399	5398
5400	5401
5401	5400
5402	5403
5403	5402
5404	5405
5405	5404
5406	5407
5407	5406
5408	5409
5409	5408
5410	5411
5411	5410
5412	5413
5413	5412
5414	5415
5415	5414
5416	5417
5417	5416
5418	5419
5419	5418
5420	5421
5421	5420
5422	5423
5423	5422
5424	5425
5425	5424
5426	5427
5427	5426
5428	5429
5429	5428
5430	5431
5431	5430
5432	5433
5433	5432
5434	5435
5435	5434
5436	5437
5437	5436
5438	5439
5439	5438
5440	5441
5441	5440
5442	5443
5443	5442
5444	5445
5445	5444
5446	5447
5447	5446
5448	5449
5449	5448
5450	5451
5451	5450
5452	5453
5453	5452
5454	5455
5455	5454
5456	5457
5457	5456
5458	5459
5459	5458
5460	5461
5461	5460
5462	5463
5463	5462
5464	5465
5465	5464
5466	5467
5467	5466
5468	5469
5469	5468
5470	5471
5471	5470
5472	5473
5473	5472
5474	5475
5475	5474
5476	5477
5477	5476
5478	5479
5479	5478
5496	12946
5497	12947
5498	12948
5499	12949
5500	12950
5501	12951
5502	12952
5503	12953
5504	5505
5505	5504
5516	5517
5517	5516
5521	5522
5522	5521
5523	5524
5524	5523
5525	5526
5526	5525
5527	5528
5528	5527
5529	5530
5530	5529
5531	5532
5532	5531
5533	5534
5534	5533
5535	5536
5536	5535
5537	5538
5538	5537
5539	5540
5540	5539
5541	5542
5542	5541
5543	5544
5544	5543
5547	5548
5548	5547
5574	5611
5575	5612
5576	5613
5611	5574
5612	5575
5613	5576
5668	5669
5669	5668
5670	5671
5671	5670
5672	5673
5673	5672
5674	5675
5675	5674
5676	5677
5677	5676
5678	5679
5679	5678
5680	5681
5681	5680
5682	5683
5683	5682
5684	5685
5685	5684
5686	5687
5687	5686
5688	5689
5689	5688
5690	5691
5691	5690
5692	5693
5693	5692
5694	5695
5695	5694
5696	5697
5697	5696
5698	5699
5699	5698
5700	5701
5701	5700
5702	5703
5703	5702
5704	5705
5705	5704
5706	5707
5707	5706
5708	5709
5709	5708
5710	5711
5711	5710
5712	5713
5713	5712
5714	5715
5715	5714
5716	5717
5717	5716
5718	5719
5719	5718
5720	5721
5721	5720
5722	5723
5723	5722
5724	5725
5725	5724
5726	5727
5727	5726
5728	5729
5729	5728
5730	5731
5731	5730
5732	6060
5734	5735
5735	5734
5736	5737
5737	5736
5739	5740
5740	5739
5741	5742
5742	5741
5743	5744
5744	5743
5745	5746
5746	5745
5747	5748
5748	5747
5749	5750
5750	5749
5751	5752
5752	5751
5753	5754
5754	5753
5755	5756
5756	5755
5757	5758
5758	5757
5759	5760
5760	5759
5761	5762
5762	5761
5763	5764
5764	5763
5765	5766
5766	5765
5767	5768
5768	5767
5769	5770
5770	5769
5771	5772
5772	5771
5773	5774
5774	5773
5775	5776
5776	5775
5777	5778
5778	5777
5779	5780
5780	5779
5781	5782
5782	5781
5783	5784
5784	5783
5785	5786
5786	5785
5787	5788
5788	5787
5789	5790
5790	5789
5791	5792
5792	5791
5793	5794
5794	5793
5795	5796
5796	5795
5797	5798
5798	5797
5799	5800
5800	5799
5801	5802
5802	5801
5803	5804
5804	5803
5805	5806
5806	5805
5807	5808
5808	5807
5809	5810
5810	5809
5811	5812
5812	5811
5813	5814
5814	5813
5815	5816
5816	5815
5817	5818
5818	5817
5819	5820
5820	5819
5821	5822
5822	5821
5823	5824
5824	5823
5825	5826
5826	5825
5827	5828
5828	5827
5829	5830
5830	5829
5831	5832
5832	5831
5833	5834
5834	5833
5835	5836
5836	5835
5837	5838
5838	5837
5839	5840
5840	5839
5841	5842
5842	5841
5843	5844
5844	5843
5845	5846
5846	5845
5847	5848
5848	5847
5849	5850
5850	5849
5851	5852
5852	5851
5853	5854
5854	5853
5855	5856
5856	5855
5857	5858
5858	5857
5859	5860
5860	5859
5861	5862
5862	5861
5863	5864
5864	5863
5865	5866
5866	5865
5867	5868
5868	5867
5869	5870
5870	5869
5871	5872
5872	5871
5873	5874
5874	5873
5875	5876
5876	5875
5877	5878
5878	5877
5879	5880
5880	5879
5881	5882
5882	5881
5883	5884
5884	5883
5885	5886
5886	5885
5887	5888
5888	5887
5889	5890
5890	5889
5891	5892
5892	5891
5893	5894
5894	5893
5895	5896
5896	5895
5897	5898
5898	5897
5899	5900
5900	5899
5901	5902
5902	5901
5903	5904
5904	5903
5905	5906
5906	5905
5907	5908
5908	5907
5909	5910
5910	5909
5911	5912
5912	5911
5913	5914
5914	5913
5915	5916
5916	5915
5917	5918
5918	5917
5919	5920
5920	5919
5921	5922
5922	5921
5923	5924
5924	5923
5925	5926
5926	5925
5927	5928
5928	5927
5929	5930
5930	5929
5931	5932
5932	5931
5933	5934
5934	5933
5935	6124
5937	5938
5938	5937
5940	5941
5941	5940
5943	5944
5944	5943
5945	5946
5946	5945
5947	5948
5948	5947
5949	5950
5950	5949
5952	5953
5953	5952
5954	5955
5955	5954
5956	5957
5957	5956
5958	5959
5959	5958
5960	5961
5961	5960
5962	5963
5963	5962
5964	5965
5965	5964
5966	5967
5967	5966
5968	5969
5969	5968
5970	5971
5971	5970
5972	5973
5973	5972
5974	5975
5975	5974
5976	5977
5977	5976
5978	5979
5979	5978
5980	5981
5981	5980
5982	5983
5983	5982
5984	5985
5985	5984
5986	5987
5987	5986
5988	5989
5989	5988
5990	5991
5991	5990
5992	5993
5993	5992
5994	5995
5995	5994
5996	5997
5997	5996
5998	5999
5999	5998
6000	6001
6001	6000
6002	6003
6003	6002
6004	6005
6005	6004
6006	6007
6007	6006
6008	6009
6009	6008
6010	6011
6011	6010
6012	6013
6013	6012
6014	6015
6015	6014
6016	6017
6017	6016
6018	6019
6019	6018
6020	6021
6021	6020
6022	6023
6023	6022
6024	6025
6025	6024
6026	6027
6027	6026
6028	6029
6029	6028
6030	6031
6031	6030
6032	6033
6033	6032
6034	6035
6035	6034
6036	6037
6037	6036
6038	6039
6039	6038
6041	6042
6042	6041
6043	6044
6044	6043
6045	6046
6046	6045
6047	6048
6048	6047
6049	6050
6050	6049
6051	6052
6052	6051
6053	6054
6054	6053
6055	6056
6056	6055
6060	5732
6073	6074
6074	6073
6075	6076
6076	6075
6077	6078
6078	6077
6079	6080
6080	6079
6124	5935
6128	6175
6129	6176
6130	6177
6131	6132
6132	6131
6133	6134
6134	6133
6135	6136
6136	6135
6137	6138
6138	6137
6139	6140
6140	6139
6141	6142
6142	6141
6143	6144
6144	6143
6145	6146
6146	6145
6147	6148
6148	6147
6149	6150
6150	6149
6151	6152
6152	6151
6153	6154
6154	6153
6155	6156
6156	6155
6157	6158
6158	6157
6159	6160
6160	6159
6161	6162
6162	6161
6163	6164
6164	6163
6165	6166
6166	6165
6167	6168
6168	6167
6169	6170
6170	6169
6171	6172
6172	6171
6173	6174
6174	6173
6175	6128
6176	6129
6177	6130
6211	6212
6212	6211
6213	6214
6214	6213
6215	6216
6216	6215
6217	6218
6218	6217
6219	6220
6220	6219
6221	6222
6222	6221
6223	6224
6224	6223
6225	6226
6226	6225
6227	6228
6228	6227
6229	6230
6230	6229
6231	6232
6232	6231
6233	6234
6234	6233
6235	6236
6236	6235
6237	6238
6238	6237
6239	6240
6240	6239
6241	6242
6242	6241
6243	6244
6244	6243
6245	6246
6246	6245
6247	6248
6248	6247
6249	6250
6250	6249
6251	6252
6252	6251
6253	6254
6254	6253
6255	6256
6256	6255
6257	6258
6258	6257
6259	6260
6260	6259
6261	6262
6262	6261
6263	6264
6264	6263
6265	6266
6266	6265
6267	6268
6268	6267
6269	6270
6270	6269
6271	6272
6272	6271
6273	6274
6274	6273
6275	6276
6276	6275
6277	6278
6278	6277
6279	6280
6280	6279
6281	6282
6282	6281
6283	6284
6284	6283
6285	6286
6286	6285
6287	6288
6288	6287
6289	6290
6290	6289
6291	6292
6292	6291
6293	6294
6294	6293
6295	6296
6296	6295
6297	6298
6298	6297
6299	6300
6300	6299
6301	6302
6302	6301
6303	6304
6304	6303
6311	6312
6312	6311
6313	6314
6314	6313
6315	6316
6316	6315
6317	6318
6318	6317
6322	6323
6323	6322
6324	6325
6325	6324
6326	6327
6327	6326
6328	6329
6329	6328
6330	6331
6331	6330
6332	8836
6333	6334
6334	6333
6335	6336
6336	6335
6337	6338
6338	6337
6339	6340
6340	6339
6341	6342
6342	6341
6343	6344
6344	6343
6345	6346
6346	6345
6347	6348
6348	6347
6349	6350
6350	6349
6351	6352
6352	6351
6353	6354
6354	6353
6355	6356
6356	6355
6357	6358
6358	6357
6359	6360
6360	6359
6361	6362
6362	6361
6363	6364
6364	6363
6365	6366
6366	6365
6367	6368
6368	6367
6369	6370
6370	6369
6371	6372
6372	6371
6373	6374
6374	6373
6375	6376
6376	6375
6377	6378
6378	6377
6379	6380
6380	6379
6382	6383
6383	6382
6384	6385
6385	6384
6386	6387
6387	6386
6388	6389
6389	6388
6390	6391
6391	6390
6392	6393
6393	6392
6394	6395
6395	6394
6396	6397
6397	6396
6398	6399
6399	6398
6400	6401
6401	6400
6402	6403
6403	6402
6404	6405
6405	6404
6406	6407
6407	6406
6408	6409
6409	6408
6410	6411
6411	6410
6412	6413
6413	6412
6414	6415
6415	6414
6416	6417
6417	6416
6418	6419
6419	6418
6420	6421
6421	6420
6422	6423
6423	6422
6424	6425
6425	6424
6426	6427
6427	6426
6428	6429
6429	6428
6430	6431
6431	6430
6432	6433
6433	6432
6434	6435
6435	6434
6436	6437
6437	6436
6438	6439
6439	6438
6470	6471
6471	6470
6472	6473
6473	6472
6474	6475
6475	6474
6476	6477
6477	6476
6523	6535
6524	6536
6525	6537
6526	6538
6527	6539
6528	6540
6535	6523
6536	6524
6537	6525
6538	6526
6539	6527
6540	6528
6562	6726
6563	6727
6568	6569
6569	6568
6571	6572
6572	6571
6573	6574
6574	6573
6575	6576
6576	6575
6577	6578
6578	6577
6579	6580
6580	6579
6581	6582
6582	6581
6583	6584
6584	6583
6585	6586
6586	6585
6587	6588
6588	6587
6589	6590
6590	6589
6591	6592
6592	6591
6593	6594
6594	6593
6595	6596
6596	6595
6597	6598
6598	6597
6599	6600
6600	6599
6601	6602
6602	6601
6603	6604
6604	6603
6605	6606
6606	6605
6607	6608
6608	6607
6609	6610
6610	6609
6611	6612
6612	6611
6613	6614
6614	6613
6615	6616
6616	6615
6617	6618
6618	6617
6619	6620
6620	6619
6621	6622
6622	6621
6623	6624
6624	6623
6625	6626
6626	6625
6627	6628
6628	6627
6629	6630
6630	6629
6631	6632
6632	6631
6633	6634
6634	6633
6667	6723
6675	6676
6676	6675
6681	6682
6682	6681
6683	6684
6684	6683
6685	6686
6686	6685
6687	6688
6688	6687
6689	6690
6690	6689
6691	6692
6692	6691
6693	6694
6694	6693
6697	6698
6698	6697
6699	6700
6700	6699
6701	6702
6702	6701
6703	6704
6704	6703
6705	6706
6706	6705
6723	6667
6724	6725
6725	6724
6726	6562
6727	6563
6729	6730
6730	6729
6731	6732
6732	6731
6733	6734
6734	6733
6735	6736
6736	6735
6737	6738
6738	6737
6739	6740
6740	6739
6741	6742
6742	6741
6743	6744
6744	6743
6750	6751
6751	6750
6752	6753
6753	6752
6760	6761
6761	6760
6762	6763
6763	6762
6764	6765
6765	6764
6794	6795
6795	6794
6809	6813
6812	6816
6813	6809
6814	6815
6815	6814
6816	6812
6889	6890
6890	6889
6891	6892
6892	6891
6908	6909
6909	6908
6910	6911
6911	6910
6912	6913
6913	6912
6914	6915
6915	6914
6916	6917
6917	6916
6918	6919
6919	6918
6920	6921
6921	6920
6922	6923
6923	6922
6924	6925
6925	6924
6959	6960
6960	6959
6962	6968
6968	6962
6971	6972
6972	6971
6973	6974
6974	6973
6975	6976
6976	6975
6977	6978
6978	6977
6979	6980
6980	6979
6981	6982
6982	6981
6983	6984
6984	6983
7051	7052
7052	7051
7054	7055
7055	7054
7056	7057
7057	7056
7058	7059
7059	7058
7060	7061
7061	7060
7062	7063
7063	7062
7064	7065
7065	7064
7066	7067
7067	7066
7068	7069
7069	7068
7070	7071
7071	7070
7072	7073
7073	7072
7074	7075
7075	7074
7076	7077
7077	7076
7078	7079
7079	7078
7080	7081
7081	7080
7082	7083
7083	7082
7084	7085
7085	7084
7086	7087
7087	7086
7088	7089
7089	7088
7090	7091
7091	7090
7092	7093
7093	7092
7094	7095
7095	7094
7110	7111
7111	7110
7112	7113
7113	7112
7114	7115
7115	7114
7116	7117
7117	7116
7122	7123
7123	7122
7124	7125
7125	7124
7126	7127
7127	7126
7128	7129
7129	7128
7130	7131
7131	7130
7132	7133
7133	7132
7134	7135
7135	7134
7136	7137
7137	7136
7138	7139
7139	7138
7158	7407
7159	7161
7161	7159
7162	7163
7163	7162
7164	7165
7165	7164
7166	7167
7167	7166
7168	7169
7169	7168
7170	7171
7171	7170
7172	7173
7173	7172
7174	7175
7175	7174
7176	7177
7177	7176
7178	7179
7179	7178
7180	7181
7181	7180
7182	7183
7183	7182
7184	7185
7185	7184
7186	7187
7187	7186
7188	7189
7189	7188
7190	7191
7191	7190
7192	7193
7193	7192
7194	7195
7195	7194
7196	7197
7197	7196
7198	7199
7199	7198
7200	7201
7201	7200
7202	7203
7203	7202
7204	7205
7205	7204
7206	7207
7207	7206
7208	7209
7209	7208
7210	7211
7211	7210
7212	7213
7213	7212
7214	7215
7215	7214
7216	7217
7217	7216
7218	7219
7219	7218
7220	7221
7221	7220
7222	7231
7223	7232
7224	7233
7225	7234
7226	7227
7227	7226
7228	7229
7229	7228
7230	7235
7231	7222
7232	7223
7233	7224
7234	7225
7235	7230
7319	7320
7320	7319
7321	7322
7322	7321
7323	7324
7324	7323
7325	7326
7326	7325
7327	7328
7328	7327
7332	7333
7333	7332
7334	7335
7335	7334
7336	7337
7337	7336
7338	7339
7339	7338
7340	7341
7341	7340
7342	7343
7343	7342
7344	7345
7345	7344
7346	7347
7347	7346
7348	7349
7349	7348
7350	7351
7351	7350
7352	7353
7353	7352
7354	7355
7355	7354
7356	7357
7357	7356
7358	7359
7359	7358
7360	7361
7361	7360
7362	7363
7363	7362
7364	7365
7365	7364
7366	7367
7367	7366
7368	7369
7369	7368
7370	7371
7371	7370
7372	7373
7373	7372
7374	7375
7375	7374
7376	7377
7377	7376
7378	7379
7379	7378
7380	7381
7381	7380
7382	7383
7383	7382
7384	7385
7385	7384
7386	7387
7387	7386
7388	7389
7389	7388
7390	7391
7391	7390
7392	7393
7393	7392
7394	7395
7395	7394
7396	7397
7397	7396
7398	7401
7399	7402
7400	7403
7401	7398
7402	7399
7403	7400
7407	7158
7414	7415
7415	7414
7416	7417
7417	7416
7418	7419
7419	7418
7433	7434
7434	7433
7435	7436
7436	7435
7437	7438
7438	7437
7439	7440
7440	7439
7441	7442
7442	7441
7443	7444
7444	7443
7445	7446
7446	7445
7447	7448
7448	7447
7449	7450
7450	7449
7451	7452
7452	7451
7466	7467
7467	7466
7468	7469
7469	7468
7521	7522
7522	7521
7548	7549
7549	7548
7550	7551
7551	7550
7552	7553
7553	7552
7554	7555
7555	7554
7556	7557
7557	7556
7558	7559
7559	7558
7560	7561
7561	7560
7562	7563
7563	7562
7566	7567
7567	7566
7568	7569
7569	7568
7570	7571
7571	7570
7622	7623
7623	7622
7624	7625
7625	7624
7626	7627
7627	7626
7630	7631
7631	7630
7650	7651
7651	7650
7652	7653
7653	7652
7654	7655
7655	7654
7656	7657
7657	7656
7658	7659
7659	7658
7660	7661
7661	7660
7662	7663
7663	7662
7664	7665
7665	7664
7666	7667
7667	7666
7668	7669
7669	7668
7679	7680
7680	7679
7682	7683
7683	7682
7684	7685
7685	7684
7686	7687
7687	7686
7688	7689
7689	7688
7692	7693
7693	7692
7694	7695
7695	7694
7696	7697
7697	7696
7698	7699
7699	7698
7700	7701
7701	7700
7702	7703
7703	7702
7704	7705
7705	7704
7706	7707
7707	7706
7708	7709
7709	7708
7710	7711
7711	7710
7712	7713
7713	7712
7714	7715
7715	7714
7716	7717
7717	7716
7718	7719
7719	7718
7720	7721
7721	7720
7722	7723
7723	7722
7724	7725
7725	7724
7726	7727
7727	7726
7728	7729
7729	7728
7738	7739
7739	7738
7740	7741
7741	7740
7742	7743
7743	7742
7744	7745
7745	7744
7746	7747
7747	7746
7748	7749
7749	7748
7750	7751
7751	7750
7752	7753
7753	7752
7754	7755
7755	7754
7756	7757
7757	7756
7759	7760
7760	7759
7761	7762
7762	7761
7763	7764
7764	7763
7765	7766
7766	7765
7767	7768
7768	7767
7769	7770
7770	7769
7771	7772
7772	7771
7801	7802
7802	7801
7804	7805
7805	7804
7919	7920
7920	7919
7934	7935
7935	7934
7936	7937
7937	7936
7939	7940
7940	7939
7944	7945
7945	7944
7946	7947
7947	7946
7948	7949
7949	7948
7952	7953
7953	7952
7954	7955
7955	7954
8417	8418
8418	8417
8419	8420
8420	8419
8421	8422
8422	8421
8423	8424
8424	8423
8425	8426
8426	8425
8427	8428
8428	8427
8429	8430
8430	8429
8431	8432
8432	8431
8433	8434
8434	8433
8435	8436
8436	8435
8437	8438
8438	8437
8439	8440
8440	8439
8441	8442
8442	8441
8443	8444
8444	8443
8445	8446
8446	8445
8447	8448
8448	8447
8449	8450
8450	8449
8451	8452
8452	8451
8453	8454
8454	8453
8455	8456
8456	8455
8457	8458
8458	8457
8459	8460
8460	8459
8461	8462
8462	8461
8496	8497
8497	8496
8498	8499
8499	8498
8500	8501
8501	8500
8502	8503
8503	8502
8504	8505
8505	8504
8506	8507
8507	8506
8508	8509
8509	8508
8510	8511
8511	8510
8512	8513
8513	8512
8514	8515
8515	8514
8516	8517
8517	8516
8518	8519
8519	8518
8520	8521
8521	8520
8522	8523
8523	8522
8524	8525
8525	8524
8526	8527
8527	8526
8528	8529
8529	8528
8530	8531
8531	8530
8532	8533
8533	8532
8534	8535
8535	8534
8536	8537
8537	8536
8538	8539
8539	8538
8540	8541
8541	8540
8542	8543
8543	8542
8544	8545
8545	8544
8546	8547
8547	8546
8548	8549
8549	8548
8550	8551
8551	8550
8552	8553
8553	8552
8554	8555
8555	8554
8556	8557
8557	8556
8558	8559
8559	8558
8560	8561
8561	8560
8562	8563
8563	8562
8564	8565
8565	8564
8566	8567
8567	8566
8568	8569
8569	8568
8570	8571
8571	8570
8572	8573
8573	8572
8574	8575
8575	8574
8576	8577
8577	8576
8578	8579
8579	8578
8580	8581
8581	8580
8582	8583
8583	8582
8584	8585
8585	8584
8586	8587
8587	8586
8588	8589
8589	8588
8590	8591
8591	8590
8592	8593
8593	8592
8594	8595
8595	8594
8596	8597
8597	8596
8598	8599
8599	8598
8600	8601
8601	8600
8602	8603
8603	8602
8604	8605
8605	8604
8606	8607
8607	8606
8608	8609
8609	8608
8610	8611
8611	8610
8612	8613
8613	8612
8614	8615
8615	8614
8616	8617
8617	8616
8618	8619
8619	8618
8620	8621
8621	8620
8622	8623
8623	8622
8624	8625
8625	8624
8626	8627
8627	8626
8628	8629
8629	8628
8630	8631
8631	8630
8632	8633
8633	8632
8634	8635
8635	8634
8636	8637
8637	8636
8638	8639
8639	8638
8640	8641
8641	8640
8642	8643
8643	8642
8644	8645
8645	8644
8646	8647
8647	8646
8648	8649
8649	8648
8778	8779
8779	8778
8780	8781
8781	8780
8782	8783
8783	8782
8784	8785
8785	8784
8786	8787
8787	8786
8788	8789
8789	8788
8790	8791
8791	8790
8792	8793
8793	8792
8794	8795
8795	8794
8836	6332
8837	8838
8838	8837
8872	8873
8873	8872
8874	8875
8875	8874
8876	8877
8877	8876
8878	8879
8879	8878
8880	8881
8881	8880
8901	8902
8902	8901
8903	8904
8904	8903
8905	8906
8906	8905
8907	8908
8908	8907
8909	8910
8910	8909
8911	8912
8912	8911
8913	8914
8914	8913
8915	8916
8916	8915
8917	8918
8918	8917
8919	8920
8920	8919
8921	8922
8922	8921
8924	8998
8925	8999
8926	9000
8927	9001
8928	9002
8930	8931
8931	8930
8932	8933
8933	8932
8934	8935
8935	8934
8936	8937
8937	8936
8938	8939
8939	8938
8972	8973
8973	8972
8974	8975
8975	8974
8977	8978
8978	8977
8979	8980
8980	8979
8981	8982
8982	8981
8998	8924
8999	8925
9000	8926
9001	8927
9002	8928
9003	9014
9004	9015
9014	9003
9015	9004
9026	9027
9027	9026
9028	9029
9029	9028
9030	9031
9031	9030
9032	9033
9033	9032
9034	9035
9035	9034
9036	9037
9037	9036
9038	9039
9039	9038
9040	9041
9041	9040
9042	9043
9043	9042
9044	9045
9045	9044
9046	9047
9047	9046
9048	9049
9049	9048
9050	9051
9051	9050
9052	9053
9053	9052
9174	9175
9175	9174
9177	9178
9178	9177
9179	9180
9180	9179
9181	9182
9182	9181
9183	9184
9184	9183
9185	9186
9186	9185
9416	9417
9417	9416
9418	11275
9419	11276
9420	9421
9421	9420
9423	9424
9424	9423
9425	9426
9426	9425
9427	9428
9428	9427
9429	9430
9430	9429
9431	9432
9432	9431
9434	9435
9435	9434
9436	9437
9437	9436
9438	9439
9439	9438
9440	9441
9441	9440
9442	9443
9443	9442
9444	9445
9445	9444
9446	9447
9447	9446
9448	9449
9449	9448
9450	9451
9451	9450
9452	9453
9453	9452
9454	9455
9455	9454
9457	9458
9458	9457
9459	9460
9460	9459
9461	9462
9462	9461
9463	9464
9464	9463
9465	9466
9466	9465
9470	9471
9471	9470
9472	9473
9473	9472
9475	9476
9476	9475
9487	9488
9488	9487
9489	9490
9490	9489
9508	9509
9509	9508
9510	9511
9511	9510
9512	9513
9513	9512
9514	9515
9515	9514
9516	9517
9517	9516
9518	9519
9519	9518
9520	9521
9521	9520
9522	9523
9523	9522
9524	9525
9525	9524
9527	9528
9528	9527
9529	9530
9530	9529
9531	9532
9532	9531
9533	9534
9534	9533
9535	9536
9536	9535
9538	9539
9539	9538
9540	9541
9541	9540
9542	9543
9543	9542
9544	9545
9545	9544
9547	9548
9548	9547
9549	9550
9550	9549
9551	9552
9552	9551
9553	9554
9554	9553
9565	2025
9585	2164
9586	2165
9587	2166
9588	2202
9629	9630
9630	9629
9634	9635
9635	9634
9636	9637
9637	9636
9638	9639
9639	9638
9640	9641
9641	9640
9642	9643
9643	9642
9644	9645
9645	9644
9665	9701
9666	9667
9667	9666
9668	9669
9669	9668
9670	9671
9671	9670
9672	9673
9673	9672
9674	9675
9675	9674
9676	9677
9677	9676
9678	9679
9679	9678
9701	9665
9729	9730
9730	9729
9731	9732
9732	9731
9733	9734
9734	9733
9735	9738
9736	9737
9737	9736
9738	9735
9739	9740
9740	9739
9741	9742
9742	9741
9743	9744
9744	9743
9745	9746
9746	9745
9843	9868
9844	9869
9845	9870
9846	9871
9847	9872
9848	9873
9849	9874
9850	9875
9851	9876
9852	9877
9853	9878
9854	9879
9855	9880
9856	9881
9857	9882
9858	9883
9859	9884
9860	9885
9861	9886
9862	9887
9863	9888
9864	9889
9865	9890
9866	9891
9867	9892
9868	9843
9869	9844
9870	9845
9871	9846
9872	9847
9873	9848
9874	9849
9875	9850
9876	9851
9877	9852
9878	9853
9879	9854
9880	9855
9881	9856
9882	9857
9883	9858
9884	9859
9885	9860
9886	9861
9887	9862
9888	9863
9889	9864
9890	9865
9891	9866
9892	9867
9978	9979
9979	9978
9980	9981
9981	9980
9982	9983
9983	9982
9984	9985
9985	9984
9986	9987
9987	9986
9988	9989
9989	9988
9990	9991
9991	9990
9992	9993
9993	9992
9994	9995
9995	9994
9996	9997
9997	9996
9998	9999
9999	9998
10000	10001
10001	10000
10002	10003
10003	10002
10004	10005
10005	10004
10006	10007
10007	10006
10008	10009
10009	10008
10010	10011
10011	10010
10012	10013
10013	10012
10014	10015
10015	10014
10016	10017
10017	10016
10018	10019
10019	10018
10020	10021
10021	10020
10025	10026
10026	10025
10029	10030
10030	10029
10031	10032
10032	10031
10035	10036
10036	10035
10037	10038
10038	10037
10039	10040
10040	10039
10041	10042
10042	10041
10043	10044
10044	10043
10045	10046
10046	10045
10047	10048
10048	10047
10049	10050
10050	10049
10051	10052
10052	10051
10053	10054
10054	10053
10055	10056
10056	10055
10057	10058
10058	10057
10059	10060
10060	10059
10061	10062
10062	10061
10063	10064
10064	10063
10065	10066
10066	10065
10067	10068
10068	10067
10069	10070
10070	10069
10071	10072
10072	10071
10075	10076
10076	10075
10077	10078
10078	10077
10079	10080
10080	10079
10081	10082
10082	10081
10083	10084
10084	10083
10085	10086
10086	10085
10093	10094
10094	10093
10095	10096
10096	10095
10097	10098
10098	10097
10099	10100
10100	10099
10101	10102
10102	10101
10103	10104
10104	10103
10105	10106
10106	10105
10107	10108
10108	10107
10109	10110
10110	10109
10111	10112
10112	10111
10113	10114
10114	10113
10115	10116
10116	10115
10117	10118
10118	10117
10119	10120
10120	10119
10121	10122
10122	10121
10123	10124
10124	10123
10125	10126
10126	10125
10127	10128
10128	10127
10129	10130
10130	10129
10132	10133
10133	10132
10134	10135
10135	10134
10136	10137
10137	10136
10138	10139
10139	10138
10140	10141
10141	10140
10146	10160
10147	10161
10148	10162
10149	10163
10150	10151
10151	10150
10156	10157
10157	10156
10160	10146
10161	10147
10162	10148
10163	10149
10280	10281
10281	10280
10282	10283
10283	10282
10284	10285
10285	10284
10286	10287
10287	10286
10288	10289
10289	10288
10290	10291
10291	10290
10292	10293
10293	10292
10294	10295
10295	10294
10296	10297
10297	10296
10298	10299
10299	10298
10300	10301
10301	10300
10302	10303
10303	10302
10304	10305
10305	10304
10306	10307
10307	10306
10308	10309
10309	10308
10310	10311
10311	10310
10312	10313
10313	10312
10314	10315
10315	10314
10316	10317
10317	10316
10318	10319
10319	10318
10320	10321
10321	10320
10322	10323
10323	10322
10324	10325
10325	10324
10330	10331
10331	10330
10332	10333
10333	10332
10334	10335
10335	10334
10336	10337
10337	10336
10338	10339
10339	10338
10340	10341
10341	10340
10342	10343
10343	10342
10344	10345
10345	10344
10346	10347
10347	10346
10348	10349
10349	10348
10350	10351
10351	10350
10352	10353
10353	10352
10354	10355
10355	10354
10356	10357
10357	10356
10358	10359
10359	10358
10360	10361
10361	10360
10362	10363
10363	10362
10364	10365
10365	10364
10366	10367
10367	10366
10368	10369
10369	10368
10370	10371
10371	10370
10372	10373
10373	10372
10374	10375
10375	10374
10376	10377
10377	10376
10378	10379
10379	10378
10380	10381
10381	10380
10382	10383
10383	10382
10384	10385
10385	10384
10386	10387
10387	10386
10388	10389
10389	10388
10390	10391
10391	10390
10392	10393
10393	10392
10394	10395
10395	10394
10396	10397
10397	10396
10398	10399
10399	10398
10400	10401
10401	10400
10402	10403
10403	10402
10404	10405
10405	10404
10406	10407
10407	10406
10408	10409
10409	10408
10410	10411
10411	10410
10412	10413
10413	10412
10414	10415
10415	10414
10416	10417
10417	10416
10418	10419
10419	10418
10420	10421
10421	10420
10422	10423
10423	10422
10424	10425
10425	10424
10426	10427
10427	10426
10428	10429
10429	10428
10430	10431
10431	10430
10432	10433
10433	10432
10434	10435
10435	10434
10436	10437
10437	10436
10438	10439
10439	10438
10440	10441
10441	10440
10442	10443
10443	10442
10444	10445
10445	10444
10446	10447
10447	10446
10448	10449
10449	10448
10450	10451
10451	10450
10452	10453
10453	10452
10454	10455
10455	10454
10456	10457
10457	10456
10458	10459
10459	10458
10460	10461
10461	10460
10462	10463
10463	10462
10464	10465
10465	10464
10466	10467
10467	10466
10468	10469
10469	10468
10470	10471
10471	10470
10472	10473
10473	10472
10474	10475
10475	10474
10496	10497
10497	10496
10564	10565
10565	10564
10589	10590
10590	10589
10808	10809
10809	10808
10810	10811
10811	10810
10812	10813
10813	10812
10814	10815
10815	10814
10816	10817
10817	10816
10818	10819
10819	10818
10820	10821
10821	10820
10822	10823
10823	10822
10824	10825
10825	10824
10826	10827
10827	10826
10828	10843
10843	10828
10891	10892
10892	10891
10909	10910
10910	10909
10911	10912
10912	10911
10913	10914
10914	10913
10915	10916
10916	10915
10917	10918
10918	10917
10919	10920
10920	10919
10921	10922
10922	10921
10923	10924
10924	10923
10925	10926
10926	10925
10927	10928
10928	10927
10929	10930
10930	10929
10931	10932
10932	10931
10937	10938
10938	10937
10952	10953
10953	10952
10954	10955
10955	10954
10956	10957
10957	10956
10958	10959
10959	10958
10973	10974
10974	10973
10978	10979
10979	10978
10981	10982
10982	10981
10999	11000
11000	10999
11037	11038
11038	11037
11061	11064
11064	11061
11065	11066
11066	11065
11069	11070
11070	11069
11072	11073
11073	11072
11074	11075
11075	11074
11076	11077
11077	11076
11079	11080
11080	11079
11081	11082
11082	11081
11083	11084
11084	11083
11085	11086
11086	11085
11088	11089
11089	11088
11090	11091
11091	11090
11092	11093
11093	11092
11095	11096
11096	11095
11097	11098
11098	11097
11099	11100
11100	11099
11101	11102
11102	11101
11103	11104
11104	11103
11105	11106
11106	11105
11107	11108
11108	11107
11109	11110
11110	11109
11111	11112
11112	11111
11113	11114
11114	11113
11115	11116
11116	11115
11118	11119
11119	11118
11120	11121
11121	11120
11122	11123
11123	11122
11124	11125
11125	11124
11126	11127
11127	11126
11128	11129
11129	11128
11130	11131
11131	11130
11133	11134
11134	11133
11165	11166
11166	11165
11167	11168
11168	11167
11169	11170
11170	11169
11171	11172
11172	11171
11200	11201
11201	11200
11235	11236
11236	11235
11238	11239
11239	11238
11240	11241
11241	11240
11242	11243
11243	11242
11244	11245
11245	11244
11246	11247
11247	11246
11248	11249
11249	11248
11250	11251
11251	11250
11252	11253
11253	11252
11254	11255
11255	11254
11256	11257
11257	11256
11260	11261
11261	11260
11262	11263
11263	11262
11264	11265
11265	11264
11269	11270
11270	11269
11271	11272
11272	11271
11275	9418
11276	9419
11280	11281
11281	11280
11284	11285
11285	11284
11286	11287
11287	11286
11324	11325
11325	11324
11326	11327
11327	11326
11328	11329
11329	11328
11330	11331
11331	11330
11332	11333
11333	11332
11335	11336
11336	11335
11367	11368
11368	11367
11369	11370
11370	11369
11371	11372
11372	11371
11373	11374
11374	11373
11375	11376
11376	11375
11377	11378
11378	11377
11379	11380
11380	11379
11382	11383
11383	11382
11384	11385
11385	11384
11386	11387
11387	11386
11389	11390
11390	11389
11391	11392
11392	11391
11393	11394
11394	11393
11396	11397
11397	11396
11398	11399
11399	11398
11400	11401
11401	11400
11403	11404
11404	11403
11405	11406
11406	11405
11407	11408
11408	11407
11410	11411
11411	11410
11412	11413
11413	11412
11414	11415
11415	11414
11417	11418
11418	11417
11419	11420
11420	11419
11429	11430
11430	11429
11431	11432
11432	11431
11433	11434
11434	11433
11435	11436
11436	11435
11437	11438
11438	11437
11439	11440
11440	11439
11441	11442
11442	11441
11443	11444
11444	11443
11445	11446
11446	11445
11447	11448
11448	11447
11449	11450
11450	11449
11451	11452
11452	11451
11453	11454
11454	11453
11455	11456
11456	11455
11457	11458
11458	11457
11459	11460
11460	11459
11461	11462
11462	11461
11463	11464
11464	11463
11465	11466
11466	11465
11467	11468
11468	11467
11469	11470
11470	11469
11471	11472
11472	11471
11473	11474
11474	11473
11475	11476
11476	11475
11477	11478
11478	11477
11479	11480
11480	11479
11481	11482
11482	11481
11483	11484
11484	11483
11485	11486
11486	11485
11487	11488
11488	11487
11489	11490
11490	11489
11491	11492
11492	11491
11493	11494
11494	11493
11495	11496
11496	11495
11497	11498
11498	11497
11499	11500
11500	11499
11501	11502
11502	11501
11503	11504
11504	11503
11505	11506
11506	11505
11507	11508
11508	11507
11509	11510
11510	11509
11511	11512
11512	11511
11513	11514
11514	11513
11515	11516
11516	11515
11517	11518
11518	11517
11519	11520
11520	11519
11521	11522
11522	11521
11523	11524
11524	11523
11655	600
11656	11657
11657	11656
11785	11786
11786	11785
11787	11788
11788	11787
11789	11790
11790	11789
11791	11792
11792	11791
11794	11795
11795	11794
11796	11797
11797	11796
11798	11799
11799	11798
11800	11801
11801	11800
11802	11803
11803	11802
11804	11805
11805	11804
11806	11807
11807	11806
11808	11809
11809	11808
11810	11811
11811	11810
11812	11813
11813	11812
11814	11815
11815	11814
11816	11817
11817	11816
11818	11819
11819	11818
11820	11821
11821	11820
11822	11823
11823	11822
11824	11825
11825	11824
11826	11827
11827	11826
11828	11829
11829	11828
11830	11831
11831	11830
11832	11833
11833	11832
11834	11835
11835	11834
11836	11837
11837	11836
11838	11839
11839	11838
11840	11841
11841	11840
11877	11878
11878	11877
11879	11880
11880	11879
11881	11882
11882	11881
11883	11884
11884	11883
11885	11886
11886	11885
11887	11888
11888	11887
11889	11890
11890	11889
11902	11903
11903	11902
11905	11906
11906	11905
11908	11909
11909	11908
11910	11911
11911	11910
11912	11913
11913	11912
11914	11915
11915	11914
11920	11921
11921	11920
11924	11925
11925	11924
11926	11927
11927	11926
11928	11945
11929	11946
11930	11947
11931	11948
11932	11949
11933	11950
11934	11935
11935	11934
11936	11937
11937	11936
11938	11939
11939	11938
11943	11944
11944	11943
11945	11928
11946	11929
11947	11930
11948	11931
11949	11932
11950	11933
11951	11952
11952	11951
11953	11954
11954	11953
11955	11956
11956	11955
11957	11958
11958	11957
11960	11961
11961	11960
11962	11963
11963	11962
11964	11965
11965	11964
11966	11967
11967	11966
11968	11969
11969	11968
11970	11971
11971	11970
11972	11973
11973	11972
11974	11975
11975	11974
11976	11977
11977	11976
11978	11979
11979	11978
11980	11981
11981	11980
11982	11983
11983	11982
11984	11985
11985	11984
11986	11987
11987	11986
11988	11989
11989	11988
11990	11991
11991	11990
11992	11993
11993	11992
11998	11999
11999	11998
12000	12001
12001	12000
12002	12003
12003	12002
12004	12005
12005	12004
12007	12008
12008	12007
12193	12194
12194	12193
12195	12196
12196	12195
12197	12198
12198	12197
12199	12200
12200	12199
12201	12202
12202	12201
12203	12204
12204	12203
12205	12206
12206	12205
12207	12208
12208	12207
12209	12210
12210	12209
12211	12212
12212	12211
12213	12214
12214	12213
12215	12216
12216	12215
12217	12218
12218	12217
12219	12220
12220	12219
12221	12222
12222	12221
12223	12224
12224	12223
12225	12226
12226	12225
12227	12228
12228	12227
12229	12230
12230	12229
12231	12232
12232	12231
12233	12234
12234	12233
12235	12236
12236	12235
12237	12238
12238	12237
12239	12240
12240	12239
12241	12242
12242	12241
12243	12244
12244	12243
12245	12246
12246	12245
12247	12248
12248	12247
12249	12250
12250	12249
12251	12252
12252	12251
12253	12254
12254	12253
12255	12256
12256	12255
12257	12258
12258	12257
12259	12260
12260	12259
12261	12262
12262	12261
12263	12264
12264	12263
12265	12266
12266	12265
12267	12268
12268	12267
12269	12270
12270	12269
12271	12272
12272	12271
12273	12274
12274	12273
12275	12276
12276	12275
12277	12278
12278	12277
12279	12280
12280	12279
12281	12282
12282	12281
12283	12284
12284	12283
12285	12286
12286	12285
12287	12288
12288	12287
12289	12290
12290	12289
12291	12292
12292	12291
12293	12294
12294	12293
12295	12296
12296	12295
12297	12298
12298	12297
12299	12300
12300	12299
12301	12302
12302	12301
12303	12304
12304	12303
12305	12306
12306	12305
12307	12308
12308	12307
12309	12310
12310	12309
12311	12312
12312	12311
12313	12314
12314	12313
12315	12316
12316	12315
12317	12318
12318	12317
12319	12320
12320	12319
12321	12322
12322	12321
12323	12324
12324	12323
12325	12326
12326	12325
12327	12328
12328	12327
12329	12330
12330	12329
12331	12332
12332	12331
12333	12334
12334	12333
12335	12336
12336	12335
12337	12338
12338	12337
12339	12340
12340	12339
12341	12342
12342	12341
12343	12344
12344	12343
12345	12346
12346	12345
12347	12348
12348	12347
12349	12350
12350	12349
12351	12352
12352	12351
12353	12354
12354	12353
12355	12356
12356	12355
12357	12358
12358	12357
12359	12360
12360	12359
12361	12362
12362	12361
12363	12364
12364	12363
12365	12366
12366	12365
12367	12368
12368	12367
12369	12370
12370	12369
12371	12372
12372	12371
12373	12374
12374	12373
12375	12376
12376	12375
12377	12378
12378	12377
12379	12380
12380	12379
12381	12382
12382	12381
12383	12384
12384	12383
12385	12386
12386	12385
12387	12388
12388	12387
12389	12390
12390	12389
12391	12392
12392	12391
12393	12394
12394	12393
12395	12396
12396	12395
12397	12398
12398	12397
12399	12400
12400	12399
12412	12413
12413	12412
12422	12423
12423	12422
12424	12425
12425	12424
12426	12427
12427	12426
12428	12429
12429	12428
12430	12431
12431	12430
12432	12433
12433	12432
12434	12435
12435	12434
12437	12438
12438	12437
12439	12440
12440	12439
12441	12442
12442	12441
12443	12444
12444	12443
12445	12446
12446	12445
12447	12448
12448	12447
12449	12450
12450	12449
12451	12452
12452	12451
12453	12454
12454	12453
12455	12456
12456	12455
12460	12461
12461	12460
12462	12463
12463	12462
12464	12465
12465	12464
12466	12467
12467	12466
12468	12469
12469	12468
12470	12471
12471	12470
12472	12473
12473	12472
12474	12475
12475	12474
12476	12477
12477	12476
12478	12479
12479	12478
12480	12481
12481	12480
12482	12483
12483	12482
12484	12485
12485	12484
12486	12487
12487	12486
12488	12489
12489	12488
12490	12491
12491	12490
12492	12493
12493	12492
12494	12495
12495	12494
12496	12497
12497	12496
12498	12499
12499	12498
12500	12501
12501	12500
12502	12503
12503	12502
12504	12505
12505	12504
12506	12507
12507	12506
12508	12509
12509	12508
12510	12511
12511	12510
12512	12513
12513	12512
12514	12515
12515	12514
12516	12517
12517	12516
12518	12519
12519	12518
12520	12521
12521	12520
12522	12523
12523	12522
12524	12525
12525	12524
12526	12527
12527	12526
12528	12529
12529	12528
12530	12531
12531	12530
12532	12533
12533	12532
12534	12535
12535	12534
12536	12537
12537	12536
12538	12539
12539	12538
12540	12541
12541	12540
12592	12593
12593	12592
12594	12595
12595	12594
12596	12597
12597	12596
12598	12599
12599	12598
12601	12602
12602	12601
12603	12604
12604	12603
12605	12606
12606	12605
12625	12626
12626	12625
12627	12628
12628	12627
12629	12630
12630	12629
12631	12632
12632	12631
12633	12634
12634	12633
12635	12636
12636	12635
12695	12696
12696	12695
12697	12698
12698	12697
12699	12700
12700	12699
12701	12702
12702	12701
12728	12729
12729	12728
12730	12731
12731	12730
12732	12733
12733	12732
12734	12735
12735	12734
12736	12737
12737	12736
12738	12739
12739	12738
12740	12741
12741	12740
12742	12743
12743	12742
12744	12745
12745	12744
12757	12758
12758	12757
12759	12760
12760	12759
12761	12762
12762	12761
12763	12764
12764	12763
12769	12770
12770	12769
12771	12772
12772	12771
12783	12784
12784	12783
12786	12787
12787	12786
12789	12790
12790	12789
12798	12799
12799	12798
12800	12801
12801	12800
12802	12803
12803	12802
12804	12805
12805	12804
12817	12818
12818	12817
12819	12820
12820	12819
12821	12822
12822	12821
12823	12824
12824	12823
12825	12826
12826	12825
12827	12828
12828	12827
12829	12830
12830	12829
12831	12832
12832	12831
12833	12834
12834	12833
12846	12847
12847	12846
12849	12850
12850	12849
12851	12852
12852	12851
12857	12858
12858	12857
12859	12860
12860	12859
12863	12864
12864	12863
12865	12866
12866	12865
12867	12868
12868	12867
12869	12870
12870	12869
12871	12872
12872	12871
12873	12874
12874	12873
12875	12876
12876	12875
12877	12878
12878	12877
12879	12880
12880	12879
12881	12882
12882	12881
12883	12884
12884	12883
12885	12886
12886	12885
12900	12901
12901	12900
12902	12903
12903	12902
12905	12906
12906	12905
12907	12908
12908	12907
12909	12910
12910	12909
12911	12912
12912	12911
12913	12914
12914	12913
12915	12916
12916	12915
12917	12918
12918	12917
12919	12920
12920	12919
12922	12923
12923	12922
12924	12925
12925	12924
12927	12928
12928	12927
12929	12930
12930	12929
12932	12933
12933	12932
12936	12937
12937	12936
12941	5370
12942	5371
12943	5372
12944	5373
12945	5374
12946	5496
12947	5497
12948	5498
12949	5499
12950	5500
12951	5501
12952	5502
12953	5503
12960	12961
12961	12960
12962	12963
12963	12962
12964	12965
12965	12964
12966	12967
12967	12966
12968	12969
12969	12968
12970	12971
12971	12970
12972	12973
12973	12972
12974	12975
12975	12974
12976	12977
12977	12976
12978	12979
12979	12978
12980	12981
12981	12980
12982	12983
12983	12982
12984	12985
12985	12984
12986	12987
12987	12986
12988	12989
12989	12988
12990	12991
12991	12990
12992	12993
12993	12992
12994	12995
12995	12994
12996	12997
12997	12996
12998	12999
12999	12998
13000	13001
13001	13000
13002	13003
13003	13002
13004	13005
13005	13004
13006	13007
13007	13006
13008	13009
13009	13008
13010	13011
13011	13010
13012	13013
13013	13012
13014	13015
13015	13014
13016	13017
13017	13016
13018	13019
13019	13018
13020	13021
13021	13020
13022	13023
13023	13022
13024	13025
13025	13024
13026	13027
13027	13026
13028	13029
13029	13028
13030	13031
13031	13030
13032	13033
13033	13032
13034	13035
13035	13034
13036	13037
13037	13036
13038	13039
13039	13038
13040	13041
13041	13040
13042	13043
13043	13042
13044	13045
13045	13044
13046	13047
13047	13046
13048	13049
13049	13048
13050	13051
13051	13050
13052	13053
13053	13052
13054	13055
13055	13054
13056	13057
13057	13056
13058	13059
13059	13058
13060	13061
13061	13060
13062	13063
13063	13062
13064	13065
13065	13064
13066	13067
13067	13066
13149	13150
13150	13149
13151	13152
13152	13151
13153	13154
13154	13153
13155	13156
13156	13155
13157	13158
13158	13157
13159	13160
13160	13159
13161	13162
13162	13161
13163	13164
13164	13163
13165	13166
13166	13165
13167	13168
13168	13167
13169	13170
13170	13169
13171	13172
13172	13171
13173	13174
13174	13173
13175	13176
13176	13175
13193	13194
13194	13193
13227	13228
13228	13227
13229	13230
13230	13229
13231	13232
13232	13231
13233	13234
13234	13233
13235	13236
13236	13235
13237	13238
13238	13237
13239	13240
13240	13239
13245	13246
13246	13245
13250	13251
13251	13250
13252	13253
13253	13252
13254	13255
13255	13254
13256	13257
13257	13256
13263	13264
13264	13263
13265	13266
13266	13265
13267	13268
13268	13267
13269	13270
13270	13269
13271	13272
13272	13271
13277	13278
13278	13277
13383	13384
13384	13383
13385	13386
13386	13385
13387	13388
13388	13387
13389	13390
13390	13389
13421	13422
13422	13421
13432	13433
13433	13432
13439	13440
13440	13439
13441	13442
13442	13441
13443	13444
13444	13443
13448	13449
13449	13448
13451	13452
13452	13451
13454	13455
13455	13454
13457	13458
13458	13457
13460	13461
13461	13460
13463	13464
13464	13463
13466	13467
13467	13466
13469	13470
13470	13469
13472	13473
13473	13472
13475	13476
13476	13475
13478	13479
13479	13478
13481	13482
13482	13481
13484	13485
13485	13484
13487	13488
13488	13487
13490	13491
13491	13490
13493	13494
13494	13493
13496	13497
13497	13496
13499	13500
13500	13499
13502	13503
13503	13502
13505	13506
13506	13505
13508	13509
13509	13508
13511	13512
13512	13511
13563	13564
13564	13563
13573	13574
13574	13573
13576	13577
13577	13576
13652	20848
13658	13659
13659	13658
19478	19479
19479	19478
19481	19482
19482	19481
19493	19494
19494	19493
19496	19497
19497	19496
19501	19502
19502	19501
19529	19530
19530	19529
19532	19533
19533	19532
19535	19536
19536	19535
19538	19539
19539	19538
19541	19542
19542	19541
19544	19545
19545	19544
19547	19548
19548	19547
19550	19551
19551	19550
19553	19554
19554	19553
19586	19587
19587	19586
19589	19590
19590	19589
19592	19593
19593	19592
19595	19596
19596	19595
19598	19599
19599	19598
19601	19602
19602	19601
19604	19605
19605	19604
19607	19608
19608	19607
19610	19611
19611	19610
19653	19654
19654	19653
19656	19657
19657	19656
19659	19660
19660	19659
19662	19663
19663	19662
19665	19666
19666	19665
19669	19670
19670	19669
19672	19673
19673	19672
19701	19702
19702	19701
19704	19705
19705	19704
19707	19708
19708	19707
19724	19725
19725	19724
19727	19728
19728	19727
19912	19913
19913	19912
19915	19916
19916	19915
19918	19919
19919	19918
19921	19922
19922	19921
19924	19925
19925	19924
19927	19928
19928	19927
19930	19931
19931	19930
19933	19934
19934	19933
19936	19937
19937	19936
19943	19944
19944	19943
19946	19947
19947	19946
19949	19950
19950	19949
19952	19953
19953	19952
19955	19956
19956	19955
19958	19959
19959	19958
19961	19962
19962	19961
19964	19965
19965	19964
19967	19968
19968	19967
19970	19971
19971	19970
19973	19974
19974	19973
19976	19977
19977	19976
19979	19980
19980	19979
19982	19983
19983	19982
19985	19986
19986	19985
19988	19989
19989	19988
19991	19992
19992	19991
19994	19995
19995	19994
19997	19998
19998	19997
20002	20003
20003	20002
20005	20006
20006	20005
20008	20009
20009	20008
20011	20012
20012	20011
20014	20015
20015	20014
20017	20018
20018	20017
20020	20021
20021	20020
20023	20024
20024	20023
20026	20027
20027	20026
20029	20030
20030	20029
20032	20033
20033	20032
20035	20036
20036	20035
20038	20039
20039	20038
20041	20042
20042	20041
20044	20045
20045	20044
20047	20048
20048	20047
20050	20051
20051	20050
20053	20054
20054	20053
20056	20057
20057	20056
20059	20060
20060	20059
20062	20063
20063	20062
20065	20066
20066	20065
20068	20069
20069	20068
20071	20072
20072	20071
20074	20075
20075	20074
20077	20078
20078	20077
20080	20081
20081	20080
20083	20084
20084	20083
20086	20087
20087	20086
20089	20090
20090	20089
20092	20093
20093	20092
20095	20096
20096	20095
20098	20099
20099	20098
20101	20102
20102	20101
20104	20105
20105	20104
20107	20108
20108	20107
20110	20111
20111	20110
20113	20114
20114	20113
20116	20117
20117	20116
20119	20120
20120	20119
20122	20123
20123	20122
20125	20126
20126	20125
20128	20129
20129	20128
20131	20132
20132	20131
20134	20135
20135	20134
20137	20138
20138	20137
20140	20141
20141	20140
20143	20144
20144	20143
20146	20147
20147	20146
20149	20150
20150	20149
20152	20153
20153	20152
20155	20156
20156	20155
20158	20159
20159	20158
20161	20162
20162	20161
20166	20167
20167	20166
20169	20170
20170	20169
20172	20173
20173	20172
20175	20176
20176	20175
20178	20179
20179	20178
20181	20182
20182	20181
20184	20185
20185	20184
20187	20188
20188	20187
20190	20191
20191	20190
20193	20194
20194	20193
20196	20197
20197	20196
20199	20200
20200	20199
20202	20203
20203	20202
20205	20206
20206	20205
20208	20209
20209	20208
20211	20212
20212	20211
20214	20215
20215	20214
20217	20218
20218	20217
20220	20221
20221	20220
20223	20224
20224	20223
20226	20227
20227	20226
20229	20230
20230	20229
20232	20233
20233	20232
20235	20236
20236	20235
20240	20241
20241	20240
20243	20244
20244	20243
20246	20247
20247	20246
20251	20252
20252	20251
20254	20255
20255	20254
20257	20258
20258	20257
20260	20261
20261	20260
20263	20264
20264	20263
20266	20267
20267	20266
20269	20270
20270	20269
20272	20273
20273	20272
20275	20276
20276	20275
20376	20377
20377	20376
20379	20380
20380	20379
20382	20383
20383	20382
20385	20386
20386	20385
20390	23531
20393	23535
20394	23536
20395	23537
20396	23538
20433	20434
20434	20433
20436	20437
20437	20436
20439	20440
20440	20439
20442	20443
20443	20442
20517	20518
20518	20517
20520	20521
20521	20520
20547	23532
20548	23539
20549	23540
20550	23541
20551	23542
20587	20588
20588	20587
20590	20591
20591	20590
20595	20596
20596	20595
20716	20717
20717	20716
20724	20725
20725	20724
20727	20728
20728	20727
20730	20731
20731	20730
20733	20734
20734	20733
20736	20737
20737	20736
20739	20740
20740	20739
20742	20743
20743	20742
20749	20750
20750	20749
20756	20757
20757	20756
20783	5075
20848	13652
20997	20998
20998	20997
21000	21001
21001	21000
21003	21004
21004	21003
21006	21007
21007	21006
21009	21010
21010	21009
21012	21013
21013	21012
21015	21016
21016	21015
21018	21019
21019	21018
21021	21022
21022	21021
21024	21025
21025	21024
21028	21029
21029	21028
21034	21035
21035	21034
21043	21044
21044	21043
21047	21048
21048	21047
21049	21050
21050	21049
21079	21080
21080	21079
21081	21082
21082	21081
21084	21085
21085	21084
21087	21088
21088	21087
21090	21091
21091	21090
21093	21094
21094	21093
21096	21097
21097	21096
21099	21100
21100	21099
21102	21103
21103	21102
21105	21106
21106	21105
21108	21109
21109	21108
21111	21112
21112	21111
21114	21115
21115	21114
21117	21118
21118	21117
21120	21121
21121	21120
21123	21124
21124	21123
21126	21127
21127	21126
21129	21130
21130	21129
21132	21133
21133	21132
21134	21135
21135	21134
21136	21137
21137	21136
21138	21139
21139	21138
21140	21141
21141	21140
21143	21144
21144	21143
21146	21147
21147	21146
21149	21150
21150	21149
21151	21152
21152	21151
21153	21154
21154	21153
21155	21156
21156	21155
21157	21158
21158	21157
21160	21161
21161	21160
21163	21164
21164	21163
21166	21167
21167	21166
21169	21170
21170	21169
21171	21172
21172	21171
21173	21174
21174	21173
21175	21176
21176	21175
21177	21178
21178	21177
21180	21181
21181	21180
21183	21184
21184	21183
21202	21203
21203	21202
21270	21271
21271	21270
21279	21280
21280	21279
21298	21299
21299	21298
21301	21302
21302	21301
21304	21305
21305	21304
21347	21348
21348	21347
21387	21388
21388	21387
21477	21478
21478	21477
21480	21481
21481	21480
21483	21484
21484	21483
21504	21505
21505	21504
21512	21513
21513	21512
21515	21516
21516	21515
21518	21519
21519	21518
21521	21522
21522	21521
21626	21627
21627	21626
21634	21635
21635	21634
21637	21638
21638	21637
21643	21644
21644	21643
21646	21647
21647	21646
21649	21650
21650	21649
21652	21653
21653	21652
21684	21685
21685	21684
21687	21688
21688	21687
21690	21691
21691	21690
21698	21699
21699	21698
21701	21702
21702	21701
21704	21705
21705	21704
21707	21708
21708	21707
21730	21731
21731	21730
21733	21734
21734	21733
21736	21737
21737	21736
21739	21740
21740	21739
21742	21743
21743	21742
21745	21746
21746	21745
21804	21805
21805	21804
21807	21808
21808	21807
21810	21811
21811	21810
21813	21814
21814	21813
21817	21818
21818	21817
21838	21839
21839	21838
21882	21883
21883	21882
21885	21886
21886	21885
21892	21893
21893	21892
21895	21896
21896	21895
21902	21903
21903	21902
21918	21919
21919	21918
21921	21922
21922	21921
21952	21953
21953	21952
21975	21976
21976	21975
21978	21979
21979	21978
21981	21982
21982	21981
21984	21985
21985	21984
21987	21988
21988	21987
21994	21995
21995	21994
21997	21998
21998	21997
22003	22004
22004	22003
22006	22007
22007	22006
22097	22098
22098	22097
22100	22101
22101	22100
22103	22104
22104	22103
22106	22107
22107	22106
22111	22112
22112	22111
22118	22119
22119	22118
22121	22122
22122	22121
22124	22125
22125	22124
22192	22193
22193	22192
22195	22196
22196	22195
22198	22199
22199	22198
22201	22202
22202	22201
22204	22205
22205	22204
22209	22210
22210	22209
22212	22213
22213	22212
22215	22216
22216	22215
22218	22219
22219	22218
22221	22222
22222	22221
22224	22225
22225	22224
22231	22232
22232	22231
22236	22237
22237	22236
22239	22240
22240	22239
22246	22247
22247	22246
22251	22252
22252	22251
22254	22255
22255	22254
22257	22258
22258	22257
22260	22261
22261	22260
22263	22264
22264	22263
22266	22267
22267	22266
22269	22270
22270	22269
22272	22273
22273	22272
22275	22276
22276	22275
22278	22279
22279	22278
22281	22282
22282	22281
22284	22285
22285	22284
22290	22291
22291	22290
22294	22295
22295	22294
22296	22297
22297	22296
22299	22300
22300	22299
22302	22303
22303	22302
22305	22306
22306	22305
22324	22483
22326	22488
22327	22490
22328	22492
22355	22356
22356	22355
22358	22359
22359	22358
22361	22362
22362	22361
22368	22369
22369	22368
22372	22373
22373	22372
22430	22431
22431	22430
22438	22439
22439	22438
22443	22444
22444	22443
22446	22447
22447	22446
22449	22450
22450	22449
22452	22453
22453	22452
22455	22456
22456	22455
22458	22459
22459	22458
22461	22462
22462	22461
22464	22465
22465	22464
22467	22468
22468	22467
22470	22471
22471	22470
22477	22478
22478	22477
22481	22482
22482	22481
22483	22324
22486	22487
22487	22486
22488	22326
22490	22327
22492	22328
22542	22543
22543	22542
22547	22548
22548	22547
22552	22553
22553	22552
22557	22558
22558	22557
22603	22604
22604	22603
22610	22611
22611	22610
22613	22614
22614	22613
22616	22617
22617	22616
22619	22620
22620	22619
22622	22623
22623	22622
22625	22626
22626	22625
22628	22629
22629	22628
22631	22632
22632	22631
22638	22639
22639	22638
22641	22642
22642	22641
22644	22645
22645	22644
22647	22648
22648	22647
22650	22651
22651	22650
22653	22654
22654	22653
22656	22657
22657	22656
22660	22661
22661	22660
22731	22732
22732	22731
22734	22735
22735	22734
22737	22738
22738	22737
22740	22741
22741	22740
22780	22781
22781	22780
22783	22784
22784	22783
22786	22787
22787	22786
22789	22790
22790	22789
22792	22793
22793	22792
22795	22796
22796	22795
22826	22827
22827	22826
22829	22830
22830	22829
22832	22833
22833	22832
22835	22836
22836	22835
22856	22857
22857	22856
22859	22860
22860	22859
22866	22867
22867	22866
22929	22930
22930	22929
22932	22933
22933	22932
22935	22936
22936	22935
22951	22952
22952	22951
22954	22955
22955	22954
22957	22958
22958	22957
22960	22961
22961	22960
22963	22964
22964	22963
22966	22967
22967	22966
22975	22976
22976	22975
22978	22979
22979	22978
22983	22984
22984	22983
22988	22989
22989	22988
22994	22995
22995	22994
22999	23000
23000	22999
23002	23003
23003	23002
23037	23038
23038	23037
23047	23048
23048	23047
23050	23051
23051	23050
23053	23054
23054	23053
23056	23057
23057	23056
23059	23060
23060	23059
23064	23065
23065	23064
23110	23111
23111	23110
23113	23114
23114	23113
23116	23117
23117	23116
23119	23120
23120	23119
23124	23125
23125	23124
23185	23186
23186	23185
23188	23189
23189	23188
23191	23192
23192	23191
23194	23195
23195	23194
23197	23198
23198	23197
23200	23201
23201	23200
23203	23204
23204	23203
23206	23207
23207	23206
23209	23210
23210	23209
23212	23213
23213	23212
23215	23216
23216	23215
23218	23219
23219	23218
23221	23222
23222	23221
23224	23225
23225	23224
23227	23228
23228	23227
23232	23233
23233	23232
23237	23238
23238	23237
23242	23243
23243	23242
23246	23247
23247	23246
23249	23250
23250	23249
23252	23253
23253	23252
23255	23256
23256	23255
23258	23259
23259	23258
23261	23262
23262	23261
23264	23265
23265	23264
23267	23268
23268	23267
23270	23271
23271	23270
23273	23274
23274	23273
23276	23277
23277	23276
23279	23280
23280	23279
23282	23283
23283	23282
23285	23286
23286	23285
23288	23289
23289	23288
23291	23292
23292	23291
23294	23295
23295	23294
23297	23298
23298	23297
23300	23301
23301	23300
23303	23304
23304	23303
23306	23307
23307	23306
23309	23310
23310	23309
23312	23313
23313	23312
23315	23316
23316	23315
23318	23319
23319	23318
23321	23322
23322	23321
23324	23325
23325	23324
23327	23328
23328	23327
23336	23337
23337	23336
23339	23340
23340	23339
23342	23343
23343	23342
23345	23346
23346	23345
23348	23349
23349	23348
23351	23352
23352	23351
23354	23355
23355	23354
23357	23358
23358	23357
23360	23361
23361	23360
23363	23364
23364	23363
23366	23367
23367	23366
23369	23370
23370	23369
23372	23373
23373	23372
23375	23376
23376	23375
23378	23379
23379	23378
23381	23382
23382	23381
23384	23385
23385	23384
23389	23390
23390	23389
23392	23393
23393	23392
23395	23396
23396	23395
23398	23399
23399	23398
23401	23402
23402	23401
23404	23405
23405	23404
23407	23408
23408	23407
23410	23411
23411	23410
23413	23414
23414	23413
23499	23500
23500	23499
23517	23518
23518	23517
23522	23523
23523	23522
23525	23526
23526	23525
23528	23529
23529	23528
23531	20390
23532	20547
23533	23534
23534	23533
23535	20393
23536	20394
23537	20395
23538	20396
23539	20548
23540	20549
23541	20550
23542	20551
23543	23544
23544	23543
23545	23546
23546	23545
23547	23548
23548	23547
23549	23550
23550	23549
23551	23552
23552	23551
23553	23554
23554	23553
23555	23556
23556	23555
23557	23558
23558	23557
23559	23560
23560	23559
23561	23562
23562	23561
23563	23564
23564	23563
23565	23566
23566	23565
23567	23568
23568	23567
23569	23570
23570	23569
23571	23572
23572	23571
23573	23574
23574	23573
23575	23576
23576	23575
23577	23578
23578	23577
23579	23580
23580	23579
23581	23582
23582	23581
23583	23584
23584	23583
23585	23586
23586	23585
23587	23588
23588	23587
23589	23590
23590	23589
23591	23592
23592	23591
23593	23594
23594	23593
23595	23596
23596	23595
23597	23598
23598	23597
23599	23600
23600	23599
23601	23602
23602	23601
23603	23604
23604	23603
23605	23606
23606	23605
23607	23608
23608	23607
23609	23610
23610	23609
23611	23612
23612	23611
23613	23614
23614	23613
23615	23616
23616	23615
23617	23618
23618	23617
23620	23621
23621	23620
23622	23623
23623	23622
23624	23625
23625	23624
23626	23627
23627	23626
23628	23629
23629	23628
23630	23631
23631	23630
23640	23641
23641	23640
23642	23643
23643	23642
23644	23645
23645	23644
23646	23647
23647	23646
23650	23651
23651	23650
23667	23668
23668	23667
23670	23671
23671	23670
23685	23686
23686	23685
23688	23689
23689	23688
23691	23692
23692	23691
23694	23695
23695	23694
23697	23698
23698	23697
23700	23701
23701	23700
23703	23704
23704	23703
23706	23707
23707	23706
23709	23710
23710	23709
23712	23713
23713	23712
23715	23716
23716	23715
23718	23719
23719	23718
23721	23722
23722	23721
23724	23725
23725	23724
23727	23728
23728	23727
23730	23731
23731	23730
23733	23734
23734	23733
23736	23737
23737	23736
23739	23740
23740	23739
23742	23743
23743	23742
23745	23746
23746	23745
23748	23749
23749	23748
23751	23752
23752	23751
23754	23755
23755	23754
23908	23909
23909	23908
23943	23944
23944	23943
23948	23949
23949	23948
23953	23954
23954	23953
23956	23957
23957	23956
23959	23960
23960	23959
23997	23998
23998	23997
24000	24001
24001	24000
24003	24004
24004	24003
24006	24007
24007	24006
24009	24010
24010	24009
24012	24013
24013	24012
24015	24016
24016	24015
24018	24019
24019	24018
24021	24022
24022	24021
24024	24025
24025	24024
24027	24028
24028	24027
24034	24035
24035	24034
24037	24038
24038	24037
24040	24041
24041	24040
24043	24044
24044	24043
24046	24047
24047	24046
24144	24145
24145	24144
24219	24220
24220	24219
24229	24230
24230	24229
24268	24269
24269	24268
24288	24289
24289	24288
24291	24292
24292	24291
24294	24295
24295	24294
24333	24334
24334	24333
24387	24446
24389	24447
24391	24448
24393	24449
24395	24450
24397	24451
24399	24452
24401	24453
24403	24454
24405	24455
24407	24456
24409	24457
24411	24458
24413	24459
24417	24498
24419	24500
24420	24502
24421	24504
24422	24506
24446	24387
24447	24389
24448	24391
24449	24393
24450	24395
24451	24397
24452	24399
24453	24401
24454	24403
24455	24405
24456	24407
24457	24409
24458	24411
24459	24413
24460	24461
24461	24460
24463	24464
24464	24463
24466	24467
24467	24466
24469	24470
24470	24469
24472	24473
24473	24472
24475	24476
24476	24475
24488	24489
24489	24488
24495	24496
24496	24495
24498	24417
24500	24419
24502	24420
24504	24421
24506	24422
24511	24512
24512	24511
24514	24515
24515	24514
24517	24518
24518	24517
24589	24590
24590	24589
24592	24593
24593	24592
24595	24596
24596	24595
24598	24599
24599	24598
24601	24602
24602	24601
24603	24604
24604	24603
24605	24606
24606	24605
24623	24624
24624	24623
24626	24627
24627	24626
24629	24630
24630	24629
24632	24633
24633	24632
24635	24636
24636	24635
24638	24639
24639	24638
24641	24642
24642	24641
24644	24645
24645	24644
24652	24653
24653	24652
24740	24741
24741	24740
24774	24775
24775	24774
24777	24778
24778	24777
24782	24783
24783	24782
24785	24786
24786	24785
24844	24845
24845	24844
25001	25002
25002	25001
25004	25005
25005	25004
25007	25008
25008	25007
25010	25011
25011	25010
25013	25014
25014	25013
25016	25017
25017	25016
25019	25020
25020	25019
25022	25023
25023	25022
25025	25026
25026	25025
25028	25029
25029	25028
25031	25032
25032	25031
25034	25035
25035	25034
25037	25038
25038	25037
25056	25057
25057	25056
25087	25088
25088	25087
25090	25091
25091	25090
25093	25094
25094	25093
25096	25097
25097	25096
25099	25100
25100	25099
25199	25200
25200	25199
25380	25381
25381	25380
25383	25384
25384	25383
25386	25387
25387	25386
25389	25390
25390	25389
25392	25393
25393	25392
25395	25396
25396	25395
25398	25399
25399	25398
25401	25402
25402	25401
25404	25405
25405	25404
25407	25408
25408	25407
25410	25411
25411	25410
25413	25414
25414	25413
25416	25417
25417	25416
25419	25420
25420	25419
25442	25443
25443	25442
25445	25446
25446	25445
25448	25449
25449	25448
25451	25452
25452	25451
25454	25455
25455	25454
25478	25479
25479	25478
25481	25482
25482	25481
25521	25522
25522	25521
25524	25525
25525	25524
25571	25572
25572	25571
25576	25577
25577	25576
25766	25767
25767	25766
25769	25770
25770	25769
25772	25773
25773	25772
25775	25776
25776	25775
25778	25779
25779	25778
25826	25827
25827	25826
25833	25834
25834	25833
25859	25860
25860	25859
25862	25863
25863	25862
